9.964667558670043945e-01,3.533271374180912971e-03
9.982571005821228027e-01,1.742921536788344383e-03
9.977552294731140137e-01,2.244799397885799408e-03
9.979148507118225098e-01,2.085137646645307541e-03
9.976906776428222656e-01,2.309298375621438026e-03
9.975032210350036621e-01,2.496777568012475967e-03
9.972528815269470215e-01,2.747095422819256783e-03
9.986391663551330566e-01,1.360822468996047974e-03
9.978433847427368164e-01,2.156582195311784744e-03
9.965320825576782227e-01,3.467889735475182533e-03
9.976683259010314941e-01,2.331659197807312012e-03
9.967727065086364746e-01,3.227217588573694229e-03
9.970175027847290039e-01,2.982511185109615326e-03
9.090542197227478027e-01,9.094573557376861572e-02
9.483165144920349121e-01,5.168345198035240173e-02
9.972911477088928223e-01,2.708805492147803307e-03
9.829094409942626953e-01,1.709060557186603546e-02
9.173448085784912109e-01,8.265517652034759521e-02
9.968150258064270020e-01,3.184948815032839775e-03
9.966174960136413574e-01,3.382563125342130661e-03
9.985364675521850586e-01,1.463497290387749672e-03
9.964475631713867188e-01,3.552392357960343361e-03
9.981442689895629883e-01,1.855683163739740849e-03
9.923682808876037598e-01,7.631769869476556778e-03
9.964667558670043945e-01,3.533271374180912971e-03
9.986391663551330566e-01,1.360822468996047974e-03
9.964667558670043945e-01,3.533271374180912971e-03
9.990973472595214844e-01,9.027055930346250534e-04
9.975032210350036621e-01,2.496777568012475967e-03
9.442940950393676758e-01,5.570597946643829346e-02
9.972528815269470215e-01,2.747095422819256783e-03
9.964667558670043945e-01,3.533271374180912971e-03
9.984354376792907715e-01,1.564542995765805244e-03
9.981442689895629883e-01,1.855683163739740849e-03
9.992545247077941895e-01,7.454924634657800198e-04
9.439030289649963379e-01,5.609692260622978210e-02
9.967727065086364746e-01,3.227217588573694229e-03
9.917594790458679199e-01,8.240493014454841614e-03
9.981442689895629883e-01,1.855683163739740849e-03
9.845858216285705566e-01,1.541421469300985336e-02
9.020074605941772461e-01,9.799250215291976929e-02
9.983128309249877930e-01,1.687157899141311646e-03
9.972038269042968750e-01,2.796241547912359238e-03
9.839271903038024902e-01,1.607280410826206207e-02
9.966174960136413574e-01,3.382563125342130661e-03
9.829094409942626953e-01,1.709060557186603546e-02
9.905279874801635742e-01,9.472076781094074249e-03
9.898608922958374023e-01,1.013903599232435226e-02
9.395307898521423340e-01,6.046927720308303833e-02
9.974588751792907715e-01,2.541164401918649673e-03
9.367032051086425781e-01,6.329680234193801880e-02
9.845230579376220703e-01,1.547689549624919891e-02
9.896508455276489258e-01,1.034921966493129730e-02
9.967892169952392578e-01,3.210760885849595070e-03
9.964667558670043945e-01,3.533271374180912971e-03
9.970824122428894043e-01,2.917597070336341858e-03
9.966174960136413574e-01,3.382563125342130661e-03
9.987634420394897461e-01,1.236524432897567749e-03
9.847315549850463867e-01,1.526841800659894943e-02
9.977307915687561035e-01,2.269219141453504562e-03
9.892262816429138184e-01,1.077372673898935318e-02
9.616625905036926270e-01,3.833737969398498535e-02
9.974588751792907715e-01,2.541164401918649673e-03
9.502345919609069824e-01,4.976541921496391296e-02
9.978111386299133301e-01,2.188830403611063957e-03
9.991796612739562988e-01,8.203439647331833839e-04
9.989613294601440430e-01,1.038714777678251266e-03
9.978049397468566895e-01,2.195026259869337082e-03
9.868648648262023926e-01,1.313508488237857819e-02
9.923682808876037598e-01,7.631769869476556778e-03
9.895557761192321777e-01,1.044419966638088226e-02
9.994915723800659180e-01,5.083977594040334225e-04
9.616625905036926270e-01,3.833737969398498535e-02
9.716918468475341797e-01,2.830811217427253723e-02
9.207006692886352539e-01,7.929931581020355225e-02
9.976906776428222656e-01,2.309298375621438026e-03
9.538456797599792480e-01,4.615429788827896118e-02
9.985039234161376953e-01,1.496133278124034405e-03
9.906955957412719727e-01,9.304447099566459656e-03
9.616625905036926270e-01,3.833737969398498535e-02
9.966174960136413574e-01,3.382563125342130661e-03
9.904525279998779297e-01,9.547410532832145691e-03
9.778347015380859375e-01,2.216538041830062866e-02
9.967892169952392578e-01,3.210760885849595070e-03
9.901129007339477539e-01,9.887022897601127625e-03
9.861562252044677734e-01,1.384373940527439117e-02
9.991305470466613770e-01,8.695261203683912754e-04
9.902369379997253418e-01,9.763068519532680511e-03
9.985793828964233398e-01,1.420648652128875256e-03
9.986447691917419434e-01,1.355245476588606834e-03
9.873024225234985352e-01,1.269755233079195023e-02
9.985082745552062988e-01,1.491659204475581646e-03
9.990996122360229492e-01,9.003835730254650116e-04
9.918135404586791992e-01,8.186528459191322327e-03
9.755198955535888672e-01,2.448005974292755127e-02
9.980112314224243164e-01,1.988786738365888596e-03
9.875038266181945801e-01,1.249616593122482300e-02
9.692597985267639160e-01,3.074026666581630707e-02
9.988763928413391113e-01,1.123561291024088860e-03
9.850677251815795898e-01,1.493228599429130554e-02
9.983581900596618652e-01,1.641789218410849571e-03
9.991796612739562988e-01,8.203439647331833839e-04
9.942765831947326660e-01,5.723464302718639374e-03
9.992820620536804199e-01,7.179726962931454182e-04
9.781275987625122070e-01,2.187243662774562836e-02
9.993225336074829102e-01,6.774653447791934013e-04
9.886356592178344727e-01,1.136431749910116196e-02
9.994064569473266602e-01,5.935253575444221497e-04
9.669359326362609863e-01,3.306414186954498291e-02
9.901589751243591309e-01,9.841023944318294525e-03
9.235348105430603027e-01,7.646521180868148804e-02
9.980112314224243164e-01,1.988786738365888596e-03
9.992096424102783203e-01,7.903633522801101208e-04
9.990996122360229492e-01,9.003835730254650116e-04
9.978111386299133301e-01,2.188830403611063957e-03
9.834488034248352051e-01,1.655111834406852722e-02
9.834488034248352051e-01,1.655111834406852722e-02
9.973489046096801758e-01,2.651128452271223068e-03
9.993225336074829102e-01,6.774653447791934013e-04
9.987747073173522949e-01,1.225327141582965851e-03
9.686667919158935547e-01,3.133320063352584839e-02
9.898605942726135254e-01,1.013948675245046616e-02
9.949064254760742188e-01,5.093601997941732407e-03
9.629978537559509277e-01,3.700210526585578918e-02
9.986447691917419434e-01,1.355245476588606834e-03
9.985082745552062988e-01,1.491659204475581646e-03
9.939717650413513184e-01,6.028202828019857407e-03
9.881234765052795410e-01,1.187651138752698898e-02
9.721597433090209961e-01,2.784029580652713776e-02
9.990022778511047363e-01,9.977963054552674294e-04
9.993240833282470703e-01,6.759462412446737289e-04
9.981929659843444824e-01,1.806993968784809113e-03
9.904389381408691406e-01,9.561061859130859375e-03
9.983581900596618652e-01,1.641789218410849571e-03
9.989442229270935059e-01,1.055811066180467606e-03
9.929444193840026855e-01,7.055575493723154068e-03
9.831788539886474609e-01,1.682109013199806213e-02
9.981929659843444824e-01,1.806993968784809113e-03
9.903463721275329590e-01,9.653680957853794098e-03
9.992175102233886719e-01,7.825270295143127441e-04
9.973489046096801758e-01,2.651128452271223068e-03
9.994243383407592773e-01,5.756631144322454929e-04
9.996975660324096680e-01,3.024374891538172960e-04
9.994667172431945801e-01,5.332761211320757866e-04
9.922169446945190430e-01,7.782987784594297409e-03
9.940326809883117676e-01,5.967361852526664734e-03
9.994605183601379395e-01,5.394752370193600655e-04
9.994064569473266602e-01,5.935253575444221497e-04
9.967892169952392578e-01,3.210760885849595070e-03
9.995369911193847656e-01,4.629992472473531961e-04
9.986447691917419434e-01,1.355245476588606834e-03
9.992076754570007324e-01,7.923771627247333527e-04
9.900698065757751465e-01,9.930200874805450439e-03
9.994681477546691895e-01,5.318950861692428589e-04
9.864252805709838867e-01,1.357476133853197098e-02
9.881072044372558594e-01,1.189277227967977524e-02
9.721597433090209961e-01,2.784029580652713776e-02
9.988812804222106934e-01,1.118660904467105865e-03
9.986237287521362305e-01,1.376338535919785500e-03
9.991193413734436035e-01,8.805998368188738823e-04
9.745898842811584473e-01,2.541010268032550812e-02
9.912065863609313965e-01,8.793423883616924286e-03
9.986308217048645020e-01,1.369182718917727470e-03
9.996628761291503906e-01,3.371341736055910587e-04
9.996176958084106445e-01,3.823301813099533319e-04
9.996845722198486328e-01,3.154880250804126263e-04
9.940359592437744141e-01,5.963990930467844009e-03
9.991855025291442871e-01,8.144687162712216377e-04
9.938895702362060547e-01,6.110374350100755692e-03
8.809934258460998535e-01,1.190066263079643250e-01
9.996925592422485352e-01,3.074718115385621786e-04
9.947445392608642578e-01,5.255432799458503723e-03
9.955698847770690918e-01,4.430161323398351669e-03
9.951497912406921387e-01,4.850219935178756714e-03
9.917832612991333008e-01,8.216707967221736908e-03
9.996581077575683594e-01,3.419402346480637789e-04
9.994733929634094238e-01,5.265899817459285259e-04
9.973489046096801758e-01,2.651128452271223068e-03
9.997321963310241699e-01,2.678454620763659477e-04
9.997730851173400879e-01,2.269396936753764749e-04
9.997137188911437988e-01,2.862391120288521051e-04
9.989286065101623535e-01,1.071351463906466961e-03
9.992076754570007324e-01,7.923771627247333527e-04
9.993404746055603027e-01,6.595486192964017391e-04
9.997239708900451660e-01,2.759878698270767927e-04
9.885050654411315918e-01,1.149494294077157974e-02
9.764080643653869629e-01,2.359191142022609711e-02
9.996156692504882812e-01,3.842669830191880465e-04
9.607740044593811035e-01,3.922597691416740417e-02
9.996044039726257324e-01,3.955644497182220221e-04
9.758839607238769531e-01,2.411595545709133148e-02
9.989829659461975098e-01,1.016997033730149269e-03
9.999159574508666992e-01,8.401510422118008137e-05
9.993885755538940430e-01,6.113658891990780830e-04
9.993997812271118164e-01,6.001867586746811867e-04
9.987560510635375977e-01,1.243999460712075233e-03
9.990485310554504395e-01,9.515003184787929058e-04
9.962506890296936035e-01,3.749317489564418793e-03
9.872189760208129883e-01,1.278099790215492249e-02
9.998508691787719727e-01,1.490650029154494405e-04
9.910388588905334473e-01,8.961161598563194275e-03
9.995911717414855957e-01,4.088077985215932131e-04
9.993630051612854004e-01,6.369896582327783108e-04
9.998344182968139648e-01,1.655212545301765203e-04
9.998015761375427246e-01,1.984260452445596457e-04
9.993757605552673340e-01,6.243110983632504940e-04
9.999060630798339844e-01,9.392037463840097189e-05
9.758839607238769531e-01,2.411595545709133148e-02
9.963427186012268066e-01,3.657281165942549706e-03
9.083309769630432129e-01,9.166908264160156250e-02
9.996424913406372070e-01,3.574652364477515221e-04
9.821982979774475098e-01,1.780174672603607178e-02
9.441661834716796875e-01,5.583383888006210327e-02
9.999121427536010742e-01,8.785047248238697648e-05
9.844277501106262207e-01,1.557228993624448776e-02
9.277048707008361816e-01,7.229518145322799683e-02
9.998568296432495117e-01,1.431029813829809427e-04
9.989286065101623535e-01,1.071351463906466961e-03
9.998520612716674805e-01,1.478845661040395498e-04
9.468607902526855469e-01,5.313920229673385620e-02
9.999451637268066406e-01,5.480658001033589244e-05
9.995940327644348145e-01,4.060277715325355530e-04
9.997149109840393066e-01,2.850835444405674934e-04
9.897059202194213867e-01,1.029402110725641251e-02
9.992367029190063477e-01,7.632620399817824364e-04
9.060893654823303223e-01,9.391060471534729004e-02
9.993988275527954102e-01,6.012265221215784550e-04
9.668484330177307129e-01,3.315160423517227173e-02
8.815056681632995605e-01,1.184943616390228271e-01
9.999423027038574219e-01,5.770417919848114252e-05
9.995967745780944824e-01,4.031985299661755562e-04
9.997729659080505371e-01,2.270117402076721191e-04
9.993625283241271973e-01,6.374958902597427368e-04
9.999570846557617188e-01,4.293258098186925054e-05
9.998210072517395020e-01,1.790479582268744707e-04
9.999126195907592773e-01,8.741134661249816418e-05
9.976838827133178711e-01,2.316087717190384865e-03
9.900909662246704102e-01,9.909046813845634460e-03
9.994761347770690918e-01,5.239122547209262848e-04
9.865080118179321289e-01,1.349199097603559494e-02
9.982491731643676758e-01,1.750829163938760757e-03
9.890080690383911133e-01,1.099201291799545288e-02
9.997438788414001465e-01,2.560994471423327923e-04
9.999638795852661133e-01,3.612835280364379287e-05
9.301775097846984863e-01,6.982250511646270752e-02
9.986050724983215332e-01,1.394897699356079102e-03
9.998828172683715820e-01,1.171310286736115813e-04
9.997865557670593262e-01,2.134055685019120574e-04
9.998881816864013672e-01,1.117545907618477941e-04
9.970080256462097168e-01,2.992046531289815903e-03
9.824280142784118652e-01,1.757200062274932861e-02
9.869329333305358887e-01,1.306704431772232056e-02
9.998550415039062500e-01,1.449466653866693377e-04
9.999028444290161133e-01,9.718016372062265873e-05
9.983291029930114746e-01,1.670902245678007603e-03
9.997832179069519043e-01,2.167766506318002939e-04
7.403702139854431152e-01,2.596297860145568848e-01
9.992367029190063477e-01,7.632620399817824364e-04
9.864393472671508789e-01,1.356070861220359802e-02
9.968665242195129395e-01,3.133450401946902275e-03
9.995118379592895508e-01,4.881424829363822937e-04
9.999407529830932617e-01,5.929403414484113455e-05
9.998130202293395996e-01,1.870067208074033260e-04
9.990701079368591309e-01,9.299403754994273186e-04
9.843525290489196777e-01,1.564741693437099457e-02
9.998372793197631836e-01,1.627224410185590386e-04
9.997339844703674316e-01,2.659578167367726564e-04
9.998890161514282227e-01,1.110072043957188725e-04
9.995180368423461914e-01,4.819652822334319353e-04
9.994550347328186035e-01,5.449737072922289371e-04
9.998413324356079102e-01,1.586398284416645765e-04
9.995048046112060547e-01,4.951586597599089146e-04
9.989746809005737305e-01,1.025392208248376846e-03
9.861744642257690430e-01,1.382556278258562088e-02
9.999593496322631836e-01,4.066765905008651316e-05
9.998458623886108398e-01,1.541568635730072856e-04
9.997152686119079590e-01,2.846861607395112514e-04
9.998942613601684570e-01,1.056823093676939607e-04
9.997524619102478027e-01,2.474922803230583668e-04
9.808055162429809570e-01,1.919448375701904297e-02
9.877480268478393555e-01,1.225194614380598068e-02
9.998132586479187012e-01,1.867624378064647317e-04
9.988541603088378906e-01,1.145894755609333515e-03
9.839295148849487305e-01,1.607045717537403107e-02
9.266576170921325684e-01,7.334237545728683472e-02
9.989323019981384277e-01,1.067731413058936596e-03
9.998837709426879883e-01,1.162028856924735010e-04
9.938264489173889160e-01,6.173469126224517822e-03
9.998511075973510742e-01,1.488170382799580693e-04
9.999752044677734375e-01,2.477894304320216179e-05
9.990115165710449219e-01,9.884249884635210037e-04
9.696412682533264160e-01,3.035874105989933014e-02
9.927433729171752930e-01,7.256640587002038956e-03
9.986685514450073242e-01,1.331432955339550972e-03
9.996504783630371094e-01,3.494660777505487204e-04
9.997141957283020020e-01,2.857447543647140265e-04
9.999433755874633789e-01,5.666552533512003720e-05
9.996088147163391113e-01,3.912405809387564659e-04
9.884639382362365723e-01,1.153605338186025620e-02
9.999158382415771484e-01,8.420657104579731822e-05
9.916189908981323242e-01,8.381039835512638092e-03
9.997294545173645020e-01,2.705348888412117958e-04
9.435639381408691406e-01,5.643602460622787476e-02
9.997841715812683105e-01,2.158405113732442260e-04
9.879993200302124023e-01,1.200073398649692535e-02
9.911653399467468262e-01,8.834660984575748444e-03
9.996534585952758789e-01,3.465318004600703716e-04
9.886550903320312500e-01,1.134484354406595230e-02
9.995444416999816895e-01,4.555451450869441032e-04
9.989400506019592285e-01,1.060015638358891010e-03
9.995967745780944824e-01,4.033008299302309752e-04
9.998120665550231934e-01,1.879925112007185817e-04
9.996434450149536133e-01,3.565997467376291752e-04
9.998599290847778320e-01,1.399983011651784182e-04
9.888209104537963867e-01,1.117902714759111404e-02
9.994971752166748047e-01,5.027882289141416550e-04
9.998037219047546387e-01,1.962408277904614806e-04
9.290676116943359375e-01,7.093245536088943481e-02
9.997517466545104980e-01,2.482215641066431999e-04
9.998636245727539062e-01,1.363905466860160232e-04
9.889137148857116699e-01,1.108631398528814316e-02
9.998461008071899414e-01,1.539321383461356163e-04
9.998136162757873535e-01,1.864165678853169084e-04
9.999136924743652344e-01,8.625179907539859414e-05
9.998804330825805664e-01,1.195895747514441609e-04
9.918049573898315430e-01,8.195097558200359344e-03
9.998218417167663574e-01,1.782143663149327040e-04
9.991391897201538086e-01,8.607985218986868858e-04
9.998596906661987305e-01,1.403271016897633672e-04
9.896647334098815918e-01,1.033523678779602051e-02
9.989832043647766113e-01,1.016761292703449726e-03
9.996979236602783203e-01,3.020919393748044968e-04
9.990223646163940430e-01,9.776041842997074127e-04
9.581753015518188477e-01,4.182467982172966003e-02
9.995104074478149414e-01,4.895406309515237808e-04
9.997115731239318848e-01,2.883685228880494833e-04
9.795849323272705078e-01,2.041508071124553680e-02
9.997269511222839355e-01,2.729822881519794464e-04
9.890872240066528320e-01,1.091273874044418335e-02
9.826847910881042480e-01,1.731525361537933350e-02
9.993867874145507812e-01,6.131749250926077366e-04
9.993852376937866211e-01,6.147062522359192371e-04
8.344590067863464355e-01,1.655409634113311768e-01
9.991391897201538086e-01,8.607985218986868858e-04
9.992768168449401855e-01,7.232426432892680168e-04
9.994626641273498535e-01,5.372888990677893162e-04
9.994640946388244629e-01,5.359549541026353836e-04
9.994603991508483887e-01,5.395891494117677212e-04
9.994369149208068848e-01,5.630430532619357109e-04
9.996289014816284180e-01,3.710681339725852013e-04
9.838760495185852051e-01,1.612391881644725800e-02
9.993525147438049316e-01,6.475105765275657177e-04
9.997809529304504395e-01,2.190287777921184897e-04
9.994335770606994629e-01,5.663785850629210472e-04
9.995539784431457520e-01,4.460344498511403799e-04
9.995629191398620605e-01,4.370151727925986052e-04
9.993330836296081543e-01,6.669149152003228664e-04
9.993963241577148438e-01,6.037108832970261574e-04
9.996709823608398438e-01,3.289970918558537960e-04
9.997861981391906738e-01,2.137625415343791246e-04
9.994869232177734375e-01,5.130321369506418705e-04
9.664339423179626465e-01,3.356610983610153198e-02
9.996541738510131836e-01,3.458392457105219364e-04
9.995398521423339844e-01,4.601207619998604059e-04
9.876969456672668457e-01,1.230307482182979584e-02
9.720396399497985840e-01,2.796037308871746063e-02
9.994215965270996094e-01,5.784797831438481808e-04
9.995118379592895508e-01,4.881424829363822937e-04
9.847537279129028320e-01,1.524620130658149719e-02
9.993457198143005371e-01,6.543046329170465469e-04
9.995015859603881836e-01,4.984189872629940510e-04
9.992412328720092773e-01,7.587405852973461151e-04
9.994053840637207031e-01,5.946332239545881748e-04
9.993609786033630371e-01,6.390379276126623154e-04
9.989960789680480957e-01,1.003928482532501221e-03
9.993168115615844727e-01,6.831585196778178215e-04
9.994603991508483887e-01,5.395891494117677212e-04
9.993170499801635742e-01,6.830111378803849220e-04
9.994100332260131836e-01,5.899739335291087627e-04
9.994271993637084961e-01,5.727796233259141445e-04
9.993587136268615723e-01,6.412599468603730202e-04
9.399984478950500488e-01,6.000160798430442810e-02
9.993330836296081543e-01,6.669149152003228664e-04
9.991202950477600098e-01,8.797051268629729748e-04
9.993535876274108887e-01,6.463806494139134884e-04
9.990472197532653809e-01,9.527766960673034191e-04
9.993491768836975098e-01,6.508462829515337944e-04
9.987838864326477051e-01,1.216131960973143578e-03
9.994173049926757812e-01,5.826547276228666306e-04
9.990518689155578613e-01,9.481238666921854019e-04
9.756174087524414062e-01,2.438264340162277222e-02
9.992586970329284668e-01,7.413370767608284950e-04
9.996472597122192383e-01,3.527053049765527248e-04
9.889105558395385742e-01,1.108943484723567963e-02
9.981443881988525391e-01,1.855580834671854973e-03
9.993630051612854004e-01,6.370412884280085564e-04
9.995148181915283203e-01,4.852006968576461077e-04
9.997308850288391113e-01,2.691487025003880262e-04
9.996371269226074219e-01,3.628758713603019714e-04
9.993852376937866211e-01,6.147062522359192371e-04
9.998133778572082520e-01,1.866801903815940022e-04
9.993353486061096191e-01,6.646201945841312408e-04
9.994729161262512207e-01,5.271421978250145912e-04
9.994798302650451660e-01,5.202372558414936066e-04
9.994534850120544434e-01,5.464798305183649063e-04
9.011011123657226562e-01,9.889889508485794067e-02
8.305754065513610840e-01,1.694246232509613037e-01
9.990611672401428223e-01,9.389012120664119720e-04
9.994682669639587402e-01,5.317034665495157242e-04
9.994840621948242188e-01,5.159606807865202427e-04
9.144073724746704102e-01,8.559259772300720215e-02
9.993551373481750488e-01,6.449005450122058392e-04
9.993050098419189453e-01,6.949283997528254986e-04
9.022276997566223145e-01,9.777229279279708862e-02
8.599101901054382324e-01,1.400897800922393799e-01
8.587718605995178223e-01,1.412281841039657593e-01
9.994162321090698242e-01,5.837272619828581810e-04
9.993630051612854004e-01,6.370412884280085564e-04
8.737753629684448242e-01,1.262245774269104004e-01
9.972833395004272461e-01,2.716679824516177177e-03
9.996135830879211426e-01,3.864205791614949703e-04
9.997625946998596191e-01,2.373895549681037664e-04
9.991627931594848633e-01,8.372163865715265274e-04
9.993605017662048340e-01,6.395146483555436134e-04
9.992970228195190430e-01,7.029219414107501507e-04
9.995841383934020996e-01,4.158436204306781292e-04
9.556137919425964355e-01,4.438618570566177368e-02
9.993470311164855957e-01,6.529652164317667484e-04
8.396620750427246094e-01,1.603378951549530029e-01
9.994675517082214355e-01,5.324332742020487785e-04
9.992970228195190430e-01,7.029219414107501507e-04
9.993852376937866211e-01,6.147062522359192371e-04
9.997733235359191895e-01,2.266386873088777065e-04
9.974027276039123535e-01,2.597281709313392639e-03
9.749884009361267090e-01,2.501158043742179871e-02
9.985151886940002441e-01,1.484830630943179131e-03
9.993141889572143555e-01,6.858592387288808823e-04
9.993168115615844727e-01,6.832197541370987892e-04
9.986536502838134766e-01,1.346335513517260551e-03
9.993767142295837402e-01,6.232552696019411087e-04
9.800904393196105957e-01,1.990954205393791199e-02
9.993392825126647949e-01,6.606772658415138721e-04
9.148485064506530762e-01,8.515147119760513306e-02
9.988636970520019531e-01,1.136331353336572647e-03
9.994358420372009277e-01,5.640999879688024521e-04
9.989863038063049316e-01,1.013732748106122017e-03
9.984496831893920898e-01,1.550269662402570248e-03
9.994249343872070312e-01,5.751467542722821236e-04
9.994646906852722168e-01,5.352853331714868546e-04
9.124050140380859375e-01,8.759497851133346558e-02
9.992700219154357910e-01,7.300009019672870636e-04
9.995157718658447266e-01,4.842740599997341633e-04
9.996615648269653320e-01,3.384080482646822929e-04
9.982309937477111816e-01,1.769030233845114708e-03
6.855637431144714355e-01,3.144362866878509521e-01
9.607884883880615234e-01,3.921150416135787964e-02
9.957909584045410156e-01,4.208961501717567444e-03
9.987646341323852539e-01,1.235381350852549076e-03
9.994027614593505859e-01,5.971873761154711246e-04
9.988834261894226074e-01,1.116562983952462673e-03
9.993512034416198730e-01,6.487889331765472889e-04
9.994336962699890137e-01,5.662768380716443062e-04
9.993892908096313477e-01,6.107265362516045570e-04
9.995437264442443848e-01,4.561980604194104671e-04
9.979609251022338867e-01,2.039079088717699051e-03
9.994882345199584961e-01,5.117435357533395290e-04
9.993352293968200684e-01,6.646869587711989880e-04
9.994142055511474609e-01,5.858260556124150753e-04
9.998026490211486816e-01,1.973639155039563775e-04
9.995054006576538086e-01,4.945755936205387115e-04
8.553398847579956055e-01,1.446601450443267822e-01
9.995106458663940430e-01,4.893078003078699112e-04
8.044992089271545410e-01,1.955008506774902344e-01
9.995096921920776367e-01,4.903226508758962154e-04
9.995342493057250977e-01,4.657803801819682121e-04
7.842689156532287598e-01,2.157310098409652710e-01
9.993157386779785156e-01,6.843066657893359661e-04
9.997748732566833496e-01,2.251203550258651376e-04
9.997296929359436035e-01,2.702670171856880188e-04
8.737523555755615234e-01,1.262476146221160889e-01
9.978473186492919922e-01,2.152730943635106087e-03
9.992615580558776855e-01,7.384894415736198425e-04
9.992621541023254395e-01,7.378947339020669460e-04
9.968428611755371094e-01,3.157115541398525238e-03
9.995199441909790039e-01,4.800839524250477552e-04
9.984093308448791504e-01,1.590684987604618073e-03
9.987754225730895996e-01,1.224562758579850197e-03
9.967023730278015137e-01,3.297569463029503822e-03
9.989686012268066406e-01,1.031374791637063026e-03
9.992759823799133301e-01,7.240373524837195873e-04
9.997392296791076660e-01,2.607623464427888393e-04
9.994919300079345703e-01,5.080637638457119465e-04
9.994214773178100586e-01,5.785078974440693855e-04
8.010329008102416992e-01,1.989671140909194946e-01
8.332121372222900391e-01,1.667878478765487671e-01
9.995741248130798340e-01,4.258311819285154343e-04
9.995059967041015625e-01,4.939516074955463409e-04
9.993835687637329102e-01,6.164517253637313843e-04
9.992701411247253418e-01,7.298510172404348850e-04
9.996731281280517578e-01,3.269122680649161339e-04
7.924573421478271484e-01,2.075426429510116577e-01
9.993299245834350586e-01,6.700745434500277042e-04
9.994586110115051270e-01,5.413442268036305904e-04
9.996830224990844727e-01,3.170299751218408346e-04
9.991507530212402344e-01,8.492294582538306713e-04
9.996767044067382812e-01,3.232940216548740864e-04
9.974395036697387695e-01,2.560481196269392967e-03
8.472436666488647461e-01,1.527563184499740601e-01
9.981616139411926270e-01,1.838341471739113331e-03
8.980177044868469238e-01,1.019822806119918823e-01
9.995355606079101562e-01,4.644748696591705084e-04
9.996211528778076172e-01,3.788648755289614201e-04
9.996402263641357422e-01,3.598155453801155090e-04
9.992020726203918457e-01,7.979075890034437180e-04
9.993956089019775391e-01,6.043337052688002586e-04
9.996544122695922852e-01,3.456166305113583803e-04
9.987754225730895996e-01,1.224562758579850197e-03
9.995355606079101562e-01,4.644748696591705084e-04
9.976567029953002930e-01,2.343323314562439919e-03
9.996017813682556152e-01,3.982183989137411118e-04
7.841278910636901855e-01,2.158721387386322021e-01
7.970516681671142578e-01,2.029483318328857422e-01
9.983806610107421875e-01,1.619324437342584133e-03
9.995952248573303223e-01,4.047858528792858124e-04
9.993950128555297852e-01,6.049437215551733971e-04
9.975054860115051270e-01,2.494522370398044586e-03
8.895044922828674316e-01,1.104955747723579407e-01
9.997546076774597168e-01,2.453720662742853165e-04
9.995313882827758789e-01,4.686489701271057129e-04
9.982157945632934570e-01,1.784201129339635372e-03
8.111534118652343750e-01,1.888465732336044312e-01
9.969834685325622559e-01,3.016536589711904526e-03
9.993481040000915527e-01,6.519221933558583260e-04
9.995350837707519531e-01,4.649085167329758406e-04
9.995988011360168457e-01,4.012050048913806677e-04
9.993003606796264648e-01,6.996718584559857845e-04
9.995644688606262207e-01,4.355396667961031199e-04
7.749014496803283691e-01,2.250985801219940186e-01
9.981579184532165527e-01,1.842099125497043133e-03
9.991067051887512207e-01,8.933051722124218941e-04
9.995027780532836914e-01,4.972215392626821995e-04
9.966818690299987793e-01,3.318149829283356667e-03
8.065916299819946289e-01,1.934083700180053711e-01
9.994804263114929199e-01,5.196170532144606113e-04
9.995890259742736816e-01,4.109270521439611912e-04
9.958736300468444824e-01,4.126327112317085266e-03
7.321591973304748535e-01,2.678408026695251465e-01
9.993470311164855957e-01,6.529652164317667484e-04
9.997025132179260254e-01,2.974197559524327517e-04
9.997227787971496582e-01,2.771507133729755878e-04
9.996294975280761719e-01,3.704827977344393730e-04
9.996651411056518555e-01,3.348798491060733795e-04
9.996459484100341797e-01,3.540432662703096867e-04
9.996071457862854004e-01,3.928620426449924707e-04
9.996614456176757812e-01,3.385404997970908880e-04
9.995373487472534180e-01,4.627169691957533360e-04
9.990806579589843750e-01,9.192983270622789860e-04
9.995736479759216309e-01,4.262976290192455053e-04
9.996131062507629395e-01,3.869228239636868238e-04
9.994718432426452637e-01,5.281457561068236828e-04
9.991788268089294434e-01,8.210974046960473061e-04
9.966818690299987793e-01,3.318149829283356667e-03
9.996479749679565430e-01,3.520092868711799383e-04
9.993923902511596680e-01,6.076437421143054962e-04
7.235199213027954102e-01,2.764800786972045898e-01
9.996095299720764160e-01,3.905148769263178110e-04
9.996262788772583008e-01,3.736846265383064747e-04
9.992734789848327637e-01,7.264833548106253147e-04
9.991831183433532715e-01,8.168641943484544754e-04
9.995784163475036621e-01,4.216156667098402977e-04
9.997058510780334473e-01,2.941786369774490595e-04
9.983044862747192383e-01,1.695532817393541336e-03
9.995988011360168457e-01,4.012050048913806677e-04
9.993481040000915527e-01,6.519221933558583260e-04
9.996235370635986328e-01,3.764831926673650742e-04
9.997159838676452637e-01,2.839458466041833162e-04
9.994607567787170410e-01,5.392099847085773945e-04
9.994200468063354492e-01,5.799175123684108257e-04
9.969614148139953613e-01,3.038612660020589828e-03
9.997392296791076660e-01,2.607986680231988430e-04
9.997922778129577637e-01,2.077380486298352480e-04
9.996089339256286621e-01,3.910375235136598349e-04
7.581608295440673828e-01,2.418391704559326172e-01
9.996556043624877930e-01,3.444484318606555462e-04
9.995110034942626953e-01,4.889721167273819447e-04
9.994609951972961426e-01,5.389684811234474182e-04
9.997363686561584473e-01,2.636248536873608828e-04
9.993882179260253906e-01,6.117442389950156212e-04
9.992648959159851074e-01,7.351530948653817177e-04
9.994617104530334473e-01,5.382420495152473450e-04
9.997220635414123535e-01,2.778772613964974880e-04
9.995699524879455566e-01,4.299897991586476564e-04
9.995518326759338379e-01,4.481397918425500393e-04
9.991765618324279785e-01,8.234076667577028275e-04
9.995889067649841309e-01,4.111020243726670742e-04
9.995310306549072266e-01,4.689566267188638449e-04
9.994176626205444336e-01,5.823724204674363136e-04
9.995211362838745117e-01,4.788498918060213327e-04
8.324673771858215332e-01,1.675326526165008545e-01
9.993382096290588379e-01,6.617371691390872002e-04
9.984573125839233398e-01,1.542677986435592175e-03
7.208408713340759277e-01,2.791591882705688477e-01
9.991828799247741699e-01,8.170778746716678143e-04
9.994319081306457520e-01,5.680970498360693455e-04
8.165642619132995605e-01,1.834357678890228271e-01
9.991645812988281250e-01,8.354877936653792858e-04
9.990209341049194336e-01,9.790101321414113045e-04
9.995433092117309570e-01,4.566692223306745291e-04
7.026305794715881348e-01,2.973693907260894775e-01
6.946123838424682617e-01,3.053875863552093506e-01
6.414080858230590820e-01,3.585918843746185303e-01
9.997708201408386230e-01,2.292320423293858767e-04
9.996879100799560547e-01,3.121161134913563728e-04
9.961305856704711914e-01,3.869461128488183022e-03
9.995735287666320801e-01,4.264551680535078049e-04
9.997954964637756348e-01,2.044681023107841611e-04
9.986498951911926270e-01,1.350158010609447956e-03
9.996221065521240234e-01,3.779240651056170464e-04
9.993989467620849609e-01,6.010460201650857925e-04
9.994882345199584961e-01,5.117435357533395290e-04
9.996323585510253906e-01,3.676792839542031288e-04
9.991065859794616699e-01,8.934030774980783463e-04
9.996993541717529297e-01,3.007204213645309210e-04
9.997522234916687012e-01,2.477789239492267370e-04
9.998431205749511719e-01,1.568394654896110296e-04
9.991739392280578613e-01,8.260498289018869400e-04
9.991723299026489258e-01,8.276977459900081158e-04
9.991132616996765137e-01,8.866759017109870911e-04
9.997286200523376465e-01,2.713907451834529638e-04
9.995393753051757812e-01,4.606825532391667366e-04
9.971178770065307617e-01,2.882126253098249435e-03
9.996821880340576172e-01,3.178219194523990154e-04
9.995792508125305176e-01,4.207440360914915800e-04
9.035637378692626953e-01,9.643626213073730469e-02
9.994470477104187012e-01,5.529889022000133991e-04
9.995347261428833008e-01,4.652653879020363092e-04
9.996142387390136719e-01,3.856964758597314358e-04
9.995493292808532715e-01,4.506197874434292316e-04
7.273198962211608887e-01,2.726800739765167236e-01
9.997460246086120605e-01,2.539744600653648376e-04
9.994971752166748047e-01,5.027946899645030499e-04
9.996284246444702148e-01,3.716153150890022516e-04
9.995137453079223633e-01,4.862044297624379396e-04
9.997059702873229980e-01,2.940345439128577709e-04
9.995108842849731445e-01,4.890632117167115211e-04
9.996643066406250000e-01,3.357280802447348833e-04
9.992312192916870117e-01,7.687759352847933769e-04
9.994761347770690918e-01,5.239145248197019100e-04
5.680635571479797363e-01,4.319364130496978760e-01
9.993220567703247070e-01,6.779939867556095123e-04
9.994831085205078125e-01,5.169179057702422142e-04
4.372105598449707031e-01,5.627893805503845215e-01
7.428924441337585449e-01,2.571075558662414551e-01
9.996534585952758789e-01,3.465913177933543921e-04
9.964150190353393555e-01,3.584963269531726837e-03
6.812604665756225586e-01,3.187395334243774414e-01
9.996435642242431641e-01,3.563721547834575176e-04
9.991644620895385742e-01,8.356124744750559330e-04
9.996108412742614746e-01,3.892245003953576088e-04
9.993129968643188477e-01,6.870315992273390293e-04
9.981127977371215820e-01,1.887183054350316525e-03
9.994764924049377441e-01,5.235279095359146595e-04
9.993889331817626953e-01,6.111102411523461342e-04
9.998154044151306152e-01,1.846688537625595927e-04
9.998039603233337402e-01,1.960328663699328899e-04
9.992184638977050781e-01,7.815668359398841858e-04
9.994592070579528809e-01,5.407439894042909145e-04
9.990841150283813477e-01,9.158725151792168617e-04
9.994788765907287598e-01,5.211815005168318748e-04
9.996597766876220703e-01,3.401876310817897320e-04
9.990915060043334961e-01,9.084489429369568825e-04
9.991319775581359863e-01,8.679991587996482849e-04
9.991319775581359863e-01,8.679991587996482849e-04
9.996297359466552734e-01,3.702478134073317051e-04
9.996948242187500000e-01,3.052345418836921453e-04
9.973791837692260742e-01,2.620847662910819054e-03
9.993337988853454590e-01,6.661605439148843288e-04
9.996817111968994141e-01,3.183016669936478138e-04
9.978100657463073730e-01,2.189932623878121376e-03
9.993339180946350098e-01,6.660929648205637932e-04
9.996184110641479492e-01,3.816068347077816725e-04
9.995529055595397949e-01,4.471202264539897442e-04
9.996963739395141602e-01,3.036106645595282316e-04
9.994095563888549805e-01,5.904373829253017902e-04
9.991636276245117188e-01,8.363472297787666321e-04
8.703090548515319824e-01,1.296908855438232422e-01
9.991520643234252930e-01,8.479066309519112110e-04
9.994361996650695801e-01,5.637400900013744831e-04
9.992626309394836426e-01,7.373157422989606857e-04
9.994657635688781738e-01,5.342749063856899738e-04
9.996961355209350586e-01,3.039229195564985275e-04
9.992540478706359863e-01,7.458761101588606834e-04
9.998389482498168945e-01,1.609880710020661354e-04
9.996096491813659668e-01,3.903185424860566854e-04
9.994897842407226562e-01,5.101567367091774940e-04
5.366286635398864746e-01,4.633713066577911377e-01
9.991493225097656250e-01,8.507087477482855320e-04
9.997122883796691895e-01,2.876507351174950600e-04
9.996323585510253906e-01,3.676792839542031288e-04
5.745865702629089355e-01,4.254133701324462891e-01
9.994544386863708496e-01,5.456205690279603004e-04
9.997912049293518066e-01,2.088615729007869959e-04
9.994361996650695801e-01,5.637400900013744831e-04
9.991884827613830566e-01,8.115020464174449444e-04
9.992620348930358887e-01,7.380096940323710442e-04
9.995972514152526855e-01,4.027642717119306326e-04
9.995347261428833008e-01,4.652653879020363092e-04
9.993558526039123535e-01,6.441532750613987446e-04
9.999390840530395508e-01,6.096733341109938920e-05
9.993523955345153809e-01,6.475996924564242363e-04
9.994519352912902832e-01,5.480356048792600632e-04
9.993677735328674316e-01,6.322134286165237427e-04
9.993215799331665039e-01,6.784325232729315758e-04
9.993558526039123535e-01,6.441705045290291309e-04
9.993360638618469238e-01,6.639370694756507874e-04
9.993426203727722168e-01,6.574133876711130142e-04
9.996297359466552734e-01,3.702478134073317051e-04
9.996230602264404297e-01,3.769209142774343491e-04
9.992921352386474609e-01,7.078440394252538681e-04
9.993339180946350098e-01,6.660072249360382557e-04
4.723253548145294189e-01,5.276746749877929688e-01
9.993321299552917480e-01,6.678918725810945034e-04
9.995055198669433594e-01,4.945282707922160625e-04
9.990969896316528320e-01,9.030603687278926373e-04
9.991654157638549805e-01,8.345501264557242393e-04
9.992921352386474609e-01,7.078440394252538681e-04
9.994718432426452637e-01,5.281605990603566170e-04
9.994422793388366699e-01,5.577642004936933517e-04
9.999284744262695312e-01,7.149035081965848804e-05
9.993730187416076660e-01,6.269665900617837906e-04
9.997577071189880371e-01,2.423005207674577832e-04
9.994745850563049316e-01,5.254460847936570644e-04
9.988676309585571289e-01,1.132403849624097347e-03
9.993973970413208008e-01,6.025510374456644058e-04
9.992282390594482422e-01,7.717597763985395432e-04
9.993652701377868652e-01,6.347960443235933781e-04
9.996366500854492188e-01,3.633511660154908895e-04
8.089839220046997070e-01,1.910161375999450684e-01
9.991551637649536133e-01,8.448513108305633068e-04
9.997790455818176270e-01,2.209231315646320581e-04
9.991992115974426270e-01,8.008262375369668007e-04
9.996358156204223633e-01,3.642161027528345585e-04
9.995641112327575684e-01,4.358386795502156019e-04
9.999531507492065430e-01,4.686511238105595112e-05
9.996121525764465332e-01,3.878787974826991558e-04
9.996569156646728516e-01,3.430451324675232172e-04
9.992368221282958984e-01,7.631918997503817081e-04
9.993652701377868652e-01,6.347960443235933781e-04
9.995612502098083496e-01,4.386832297313958406e-04
9.996242523193359375e-01,3.757295198738574982e-04
5.968773365020751953e-01,4.031226634979248047e-01
9.994115829467773438e-01,5.884298007003962994e-04
9.996115565299987793e-01,3.884947218466550112e-04
9.994439482688903809e-01,5.560976569540798664e-04
9.994724392890930176e-01,5.276358569972217083e-04
9.998009800910949707e-01,1.990616292459890246e-04
9.995335340499877930e-01,4.665338201448321342e-04
9.999178647994995117e-01,8.209903171518817544e-05
9.994273185729980469e-01,5.726627423427999020e-04
9.986552000045776367e-01,1.344774500466883183e-03
9.995571970939636230e-01,4.428006068337708712e-04
9.994714856147766113e-01,5.285438382998108864e-04
9.992740750312805176e-01,7.259692647494375706e-04
9.995968937873840332e-01,4.031287971884012222e-04
9.992462396621704102e-01,7.537581841461360455e-04
9.992372989654541016e-01,7.627414888702332973e-04
9.992741942405700684e-01,7.258657715283334255e-04
9.995037317276000977e-01,4.962200764566659927e-04
9.992882609367370605e-01,7.117745117284357548e-04
7.730665206909179688e-01,2.269334942102432251e-01
9.994202852249145508e-01,5.796934710815548897e-04
9.988883137702941895e-01,1.111728604882955551e-03
9.994599223136901855e-01,5.400687223300337791e-04
9.990689158439636230e-01,9.311608155257999897e-04
9.996834993362426758e-01,3.165017988067120314e-04
7.569637298583984375e-01,2.430362254381179810e-01
9.997275471687316895e-01,2.724906080402433872e-04
9.987884163856506348e-01,1.211564871482551098e-03
9.993864297866821289e-01,6.134978611953556538e-04
9.989867806434631348e-01,1.013155793771147728e-03
9.995400905609130859e-01,4.599032981786876917e-04
9.991331696510314941e-01,8.668970549479126930e-04
9.995973706245422363e-01,4.026834794785827398e-04
9.996386766433715820e-01,3.613544977270066738e-04
4.872340857982635498e-01,5.127658843994140625e-01
9.996613264083862305e-01,3.386328462511301041e-04
9.998496770858764648e-01,1.502540253568440676e-04
9.994724392890930176e-01,5.276358569972217083e-04
9.988334774971008301e-01,1.166530069895088673e-03
9.988225102424621582e-01,1.177505007945001125e-03
9.996416568756103516e-01,3.583218494895845652e-04
9.995860457420349121e-01,4.140166565775871277e-04
9.994463324546813965e-01,5.536798271350562572e-04
9.996542930603027344e-01,3.456808335613459349e-04
9.996373653411865234e-01,3.626258403528481722e-04
9.995581507682800293e-01,4.418184107635170221e-04
1.943882852792739868e-01,8.056117296218872070e-01
9.996084570884704590e-01,3.916215791832655668e-04
9.993496537208557129e-01,6.503400509245693684e-04
6.749143600463867188e-01,3.250856399536132812e-01
5.596785545349121094e-01,4.403213858604431152e-01
9.996051192283630371e-01,3.949071397073566914e-04
9.996569156646728516e-01,3.430451324675232172e-04
9.994624257087707520e-01,5.376265617087483406e-04
9.985313415527343750e-01,1.468605478294193745e-03
9.991361498832702637e-01,8.638654253445565701e-04
9.995354413986206055e-01,4.645807202905416489e-04
9.989585876464843750e-01,1.041413750499486923e-03
9.994846582412719727e-01,5.152754602022469044e-04
4.392836093902587891e-01,5.607163906097412109e-01
4.388706088066101074e-01,5.611293911933898926e-01
9.993863105773925781e-01,6.137275486253201962e-04
9.998984336853027344e-01,1.015865273075178266e-04
1.056663393974304199e-01,8.943336606025695801e-01
9.994397759437561035e-01,5.602476885542273521e-04
9.997151494026184082e-01,2.848374133463948965e-04
9.990799427032470703e-01,9.200023487210273743e-04
9.994763731956481934e-01,5.237060831859707832e-04
1.830801218748092651e-01,8.169198632240295410e-01
9.992838501930236816e-01,7.161996327340602875e-04
9.995601773262023926e-01,4.398289020173251629e-04
9.995658993721008301e-01,4.340477171353995800e-04
9.993896484375000000e-01,6.103657651692628860e-04
9.998347759246826172e-01,1.652069913689047098e-04
9.997070431709289551e-01,2.928711764980107546e-04
9.995086193084716797e-01,4.913627635687589645e-04
9.993672966957092285e-01,6.326916627585887909e-04
9.995484948158264160e-01,4.514509055297821760e-04
9.996365308761596680e-01,3.633973828982561827e-04
9.995889067649841309e-01,4.111020243726670742e-04
9.997389912605285645e-01,2.610178198665380478e-04
9.994983673095703125e-01,5.016446230001747608e-04
9.986243247985839844e-01,1.375746331177651882e-03
9.999363422393798828e-01,6.368487083818763494e-05
9.992133378982543945e-01,7.866630912758409977e-04
9.993993043899536133e-01,6.007163901813328266e-04
9.996618032455444336e-01,3.382595605216920376e-04
9.995860457420349121e-01,4.140166565775871277e-04
9.992855191230773926e-01,7.144861156120896339e-04
1.246851235628128052e-01,8.753148913383483887e-01
9.992514252662658691e-01,7.485032547265291214e-04
9.999208450317382812e-01,7.918107439763844013e-05
9.995096921920776367e-01,4.902824293822050095e-04
9.997289776802062988e-01,2.709876571316272020e-04
3.896439671516418457e-01,6.103560328483581543e-01
9.996472597122192383e-01,3.527852240949869156e-04
9.998008608818054199e-01,1.991569297388195992e-04
9.994521737098693848e-01,5.478592938743531704e-04
9.997299313545227051e-01,2.700995828490704298e-04
9.998434782028198242e-01,1.564975245855748653e-04
9.991871714591979980e-01,8.127909386530518532e-04
9.992848038673400879e-01,7.152601028792560101e-04
9.998533725738525391e-01,1.465975365135818720e-04
8.565012812614440918e-01,1.434987485408782959e-01
9.994846582412719727e-01,5.152754602022469044e-04
9.998975992202758789e-01,1.023896402330137789e-04
9.996115565299987793e-01,3.884817997459322214e-04
9.996084570884704590e-01,3.915723063983023167e-04
9.997847676277160645e-01,2.152935921913012862e-04
1.882311701774597168e-01,8.117688298225402832e-01
9.996664524078369141e-01,3.335206420160830021e-04
9.996150732040405273e-01,3.849398053716868162e-04
9.996546506881713867e-01,3.452972741797566414e-04
9.994101524353027344e-01,5.898521631024777889e-04
1.873153895139694214e-01,8.126845359802246094e-01
9.998031258583068848e-01,1.968534488696604967e-04
9.992585778236389160e-01,7.414501160383224487e-04
5.819609761238098145e-01,4.180390238761901855e-01
9.997482895851135254e-01,2.517543034628033638e-04
9.998692274093627930e-01,1.307950005866587162e-04
9.995914101600646973e-01,4.086323024239391088e-04
9.997668862342834473e-01,2.331652067368850112e-04
9.996618032455444336e-01,3.382595605216920376e-04
9.997698664665222168e-01,2.301817003171890974e-04
9.988577365875244141e-01,1.142223132774233818e-03
9.991903901100158691e-01,8.095696684904396534e-04
9.991344809532165527e-01,8.655454148538410664e-04
9.996111989021301270e-01,3.888445207849144936e-04
9.997151494026184082e-01,2.848716394510120153e-04
9.996028542518615723e-01,3.972155973315238953e-04
9.993707537651062012e-01,6.292708567343652248e-04
9.997152686119079590e-01,2.847491705324500799e-04
9.994572997093200684e-01,5.427597207017242908e-04
2.682628035545349121e-01,7.317372560501098633e-01
9.991010427474975586e-01,8.990081842057406902e-04
1.093163788318634033e-01,8.906836509704589844e-01
5.892725661396980286e-02,9.410727620124816895e-01
9.986535310745239258e-01,1.346432836726307869e-03
9.996230602264404297e-01,3.769209142774343491e-04
9.986523985862731934e-01,1.347674056887626648e-03
9.647066891193389893e-02,9.035294055938720703e-01
9.995152950286865234e-01,4.846940573770552874e-04
9.995780587196350098e-01,4.219627007842063904e-04
9.988279938697814941e-01,1.171948038972914219e-03
9.995744824409484863e-01,4.254950035829097033e-04
9.985175728797912598e-01,1.482396968640387058e-03
9.993989467620849609e-01,6.010655197314918041e-04
9.992239475250244141e-01,7.760085863992571831e-04
9.998781681060791016e-01,1.217599710798822343e-04
9.993882179260253906e-01,6.118212477304041386e-04
9.996999502182006836e-01,3.001006552949547768e-04
9.997295737266540527e-01,2.703912323340773582e-04
9.991919398307800293e-01,8.080354891717433929e-04
9.997561573982238770e-01,2.438140072626993060e-04
9.991995692253112793e-01,8.004183764569461346e-04
9.986463189125061035e-01,1.353672356344759464e-03
9.998232722282409668e-01,1.767662179190665483e-04
9.995945096015930176e-01,4.054620512761175632e-04
9.992909431457519531e-01,7.089910795912146568e-04
7.698225229978561401e-02,9.230177998542785645e-01
9.997500777244567871e-01,2.499299880582839251e-04
9.984112977981567383e-01,1.588677987456321716e-03
9.997034668922424316e-01,2.965434687212109566e-04
9.997586607933044434e-01,2.413489710306748748e-04
9.998111128807067871e-01,1.888838742161169648e-04
9.997422099113464355e-01,2.577425912022590637e-04
9.997734427452087402e-01,2.265464427182450891e-04
9.994526505470275879e-01,5.473916535265743732e-04
9.993770718574523926e-01,6.229972350411117077e-04
9.998008608818054199e-01,1.991882600123062730e-04
9.987678527832031250e-01,1.232227310538291931e-03
9.997691512107849121e-01,2.308771217940375209e-04
4.879796132445335388e-02,9.512020349502563477e-01
9.990941286087036133e-01,9.058330324478447437e-04
9.997397065162658691e-01,2.603278844617307186e-04
9.991675615310668945e-01,8.324842783622443676e-04
9.997561573982238770e-01,2.437947259750217199e-04
9.997827410697937012e-01,2.172508975490927696e-04
9.992763400077819824e-01,7.236748351715505123e-04
9.991489648818969727e-01,8.509685867466032505e-04
9.995087385177612305e-01,4.912960575893521309e-04
6.208844855427742004e-02,9.379115700721740723e-01
9.994437098503112793e-01,5.562815931625664234e-04
9.997940659523010254e-01,2.058999671135097742e-04
9.997851252555847168e-01,2.148299536202102900e-04
9.996812343597412109e-01,3.187705297023057938e-04
9.994511008262634277e-01,5.489374161697924137e-04
1.572450548410415649e-01,8.427550196647644043e-01
9.987561702728271484e-01,1.243821694515645504e-03
9.993134737014770508e-01,6.865420145913958549e-04
9.997755885124206543e-01,2.244561910629272461e-04
9.983813762664794922e-01,1.618628390133380890e-03
9.997159838676452637e-01,2.839583321474492550e-04
9.996378421783447266e-01,3.621240321081131697e-04
9.990123510360717773e-01,9.876559488475322723e-04
9.997975230216979980e-01,2.024625573540106416e-04
9.996503591537475586e-01,3.496538847684860229e-04
9.996814727783203125e-01,3.184959059581160545e-04
9.987260699272155762e-01,1.273874775506556034e-03
9.996927976608276367e-01,3.072124673053622246e-04
9.997287392616271973e-01,2.712065761443227530e-04
9.989602565765380859e-01,1.039774157106876373e-03
9.996805191040039062e-01,3.194980090484023094e-04
6.919328868389129639e-02,9.308066964149475098e-01
9.988192915916442871e-01,1.180648570880293846e-03
9.990487694740295410e-01,9.512777905911207199e-04
9.997238516807556152e-01,2.761110372375696898e-04
9.991834759712219238e-01,8.164704195223748684e-04
9.988048076629638672e-01,1.195133430883288383e-03
9.997516274452209473e-01,2.483148127794265747e-04
9.991249442100524902e-01,8.751061977818608284e-04
3.310889601707458496e-01,6.689110994338989258e-01
6.285678595304489136e-02,9.371432065963745117e-01
9.993714690208435059e-01,6.285941344685852528e-04
9.998239874839782715e-01,1.760565355652943254e-04
9.998428821563720703e-01,1.570395397720858455e-04
9.988400340080261230e-01,1.160021871328353882e-03
9.999049901962280273e-01,9.498606959823518991e-05
9.995192289352416992e-01,4.807802906725555658e-04
9.997138381004333496e-01,2.861894317902624607e-04
9.988563060760498047e-01,1.143669476732611656e-03
9.988172650337219238e-01,1.182661741040647030e-03
9.997038245201110840e-01,2.961312711704522371e-04
9.991474151611328125e-01,8.526068995706737041e-04
9.992220401763916016e-01,7.779580773785710335e-04
9.992977380752563477e-01,7.021917845122516155e-04
9.996781349182128906e-01,3.219082427676767111e-04
9.997746348381042480e-01,2.253735729027539492e-04
9.989147186279296875e-01,1.085332129150629044e-03
9.992130994796752930e-01,7.868287502788007259e-04
9.986667633056640625e-01,1.333244959823787212e-03
9.997010827064514160e-01,2.988303895108401775e-04
9.993769526481628418e-01,6.230803555808961391e-04
9.997079968452453613e-01,2.920344704762101173e-04
9.991687536239624023e-01,8.313004509545862675e-04
9.997441172599792480e-01,2.559134445618838072e-04
9.989721775054931641e-01,1.027802005410194397e-03
9.996745586395263672e-01,3.254829789511859417e-04
9.997202754020690918e-01,2.796523622237145901e-04
9.998617172241210938e-01,1.382236077915877104e-04
9.986339211463928223e-01,1.366093871183693409e-03
9.995343685150146484e-01,4.656183591578155756e-04
2.490293979644775391e-01,7.509706020355224609e-01
9.995713829994201660e-01,4.285546892788261175e-04
9.998182654380798340e-01,1.817879674490541220e-04
9.997652173042297363e-01,2.348199195694178343e-04
9.982495903968811035e-01,1.750435214489698410e-03
9.997979998588562012e-01,2.019984240178018808e-04
9.997267127037048340e-01,2.732642751652747393e-04
9.993872642517089844e-01,6.126745720393955708e-04
9.997534155845642090e-01,2.465533034410327673e-04
9.998056292533874512e-01,1.944304967764765024e-04
8.995722234249114990e-02,9.100428223609924316e-01
9.967145919799804688e-01,3.285375656560063362e-03
9.993246793746948242e-01,6.753222551196813583e-04
1.615558713674545288e-01,8.384441137313842773e-01
1.380132138729095459e-01,8.619867563247680664e-01
9.979541301727294922e-01,2.045811386778950691e-03
9.997115731239318848e-01,2.883808629121631384e-04
7.633270025253295898e-01,2.366729825735092163e-01
9.989575147628784180e-01,1.042434596456587315e-03
9.990391731262207031e-01,9.608278633095324039e-04
9.990272521972656250e-01,9.726990829221904278e-04
9.996173381805419922e-01,3.826050960924476385e-04
9.126313775777816772e-02,9.087368249893188477e-01
9.978299736976623535e-01,2.170007443055510521e-03
9.986556768417358398e-01,1.344359712675213814e-03
9.991884827613830566e-01,8.115600794553756714e-04
9.984417557716369629e-01,1.558277872391045094e-03
9.989696741104125977e-01,1.030280836857855320e-03
9.994284510612487793e-01,5.714681465178728104e-04
9.971475005149841309e-01,2.852490637451410294e-03
9.975706934928894043e-01,2.429259708151221275e-03
6.460360884666442871e-01,3.539639115333557129e-01
9.978062510490417480e-01,2.193696098402142525e-03
8.126584440469741821e-02,9.187341928482055664e-01
9.994361996650695801e-01,5.637400900013744831e-04
1.017471775412559509e-01,8.982528448104858398e-01
9.990270137786865234e-01,9.730018791742622852e-04
9.988287091255187988e-01,1.171291805803775787e-03
9.994058609008789062e-01,5.941655836068093777e-04
9.995616078376770020e-01,4.383764171507209539e-04
9.995235204696655273e-01,4.764350305777043104e-04
9.988136291503906250e-01,1.186449546366930008e-03
9.905353188514709473e-01,9.464683942496776581e-03
9.987524747848510742e-01,1.247488427907228470e-03
9.996683597564697266e-01,3.316739748697727919e-04
1.275853663682937622e-01,8.724146485328674316e-01
9.984637498855590820e-01,1.536254538223147392e-03
9.972860813140869141e-01,2.713913796469569206e-03
1.121739745140075684e-01,8.878260254859924316e-01
9.988973140716552734e-01,1.102632144466042519e-03
1.275853663682937622e-01,8.724146485328674316e-01
9.995585083961486816e-01,4.414891591295599937e-04
9.996678829193115234e-01,3.321017429698258638e-04
9.994651675224304199e-01,5.348266568034887314e-04
9.924378991127014160e-01,7.562142331153154373e-03
9.986047148704528809e-01,1.395316910929977894e-03
9.986345171928405762e-01,1.365456962957978249e-03
5.398252606391906738e-01,4.601747691631317139e-01
9.965072274208068848e-01,3.492712043225765228e-03
9.876904487609863281e-01,1.230955496430397034e-02
9.982786178588867188e-01,1.721419626846909523e-03
9.990044236183166504e-01,9.956127032637596130e-04
9.964886903762817383e-01,3.511329879984259605e-03
9.973242282867431641e-01,2.675792900845408440e-03
9.996143579483032227e-01,3.855567774735391140e-04
9.967954754829406738e-01,3.204522188752889633e-03
9.993744492530822754e-01,6.255457992665469646e-04
9.991760849952697754e-01,8.238463196903467178e-04
9.971730709075927734e-01,2.826929790899157524e-03
9.968959093093872070e-01,3.104059956967830658e-03
9.944004416465759277e-01,5.599547177553176880e-03
9.981508851051330566e-01,1.849072752520442009e-03
1.199656203389167786e-01,8.800343275070190430e-01
9.986427426338195801e-01,1.357211964204907417e-03
9.995377063751220703e-01,4.622716223821043968e-04
9.995286464691162109e-01,4.713985836133360863e-04
9.900735616683959961e-01,9.926402941346168518e-03
6.937726587057113647e-02,9.306226968765258789e-01
9.994614720344543457e-01,5.385160911828279495e-04
9.976182579994201660e-01,2.381718251854181290e-03
9.993798732757568359e-01,6.200862699188292027e-04
9.983875751495361328e-01,1.612389343790709972e-03
9.976275563240051270e-01,2.372479764744639397e-03
9.787297844886779785e-01,2.127018198370933533e-02
9.971453547477722168e-01,2.854634542018175125e-03
9.993921518325805664e-01,6.078369333408772945e-04
9.962491393089294434e-01,3.750885138288140297e-03
4.096335768699645996e-01,5.903664827346801758e-01
9.969203472137451172e-01,3.079690271988511086e-03
3.814719021320343018e-01,6.185281276702880859e-01
9.981747865676879883e-01,1.825184444896876812e-03
9.725942611694335938e-01,2.740577049553394318e-02
9.969704151153564453e-01,3.029513638466596603e-03
9.994889497756958008e-01,5.110237398184835911e-04
9.978197813034057617e-01,2.180181676521897316e-03
9.994928836822509766e-01,5.071314517408609390e-04
9.945015907287597656e-01,5.498366430401802063e-03
9.954948425292968750e-01,4.505128134042024612e-03
9.935231208801269531e-01,6.476813927292823792e-03
9.994395375251770020e-01,5.604884936474263668e-04
9.995293617248535156e-01,4.706785839516669512e-04
7.459460198879241943e-02,9.254053831100463867e-01
9.989597797393798828e-01,1.040256116539239883e-03
9.959945678710937500e-01,4.005437251180410385e-03
9.980440139770507812e-01,1.956017222255468369e-03
9.933870434761047363e-01,6.612932775169610977e-03
9.985654950141906738e-01,1.434505102224647999e-03
6.440179049968719482e-02,9.355981945991516113e-01
9.995506405830383301e-01,4.493375308811664581e-04
9.997138381004333496e-01,2.861894317902624607e-04
9.982784986495971680e-01,1.721572014503180981e-03
5.852885544300079346e-02,9.414711594581604004e-01
9.947059750556945801e-01,5.294092930853366852e-03
9.167705178260803223e-01,8.322946727275848389e-02
9.982784986495971680e-01,1.721477718092501163e-03
4.421408474445343018e-01,5.578591823577880859e-01
9.950571060180664062e-01,4.942931700497865677e-03
9.962559938430786133e-01,3.743945853784680367e-03
9.957042336463928223e-01,4.295801278203725815e-03
9.994425177574157715e-01,5.574324750341475010e-04
9.969071745872497559e-01,3.092882456257939339e-03
7.088498026132583618e-02,9.291150569915771484e-01
9.400337338447570801e-01,5.996630713343620300e-02
9.147779345512390137e-01,8.522200584411621094e-02
9.995161294937133789e-01,4.839065077248960733e-04
9.380604028701782227e-01,6.193959340453147888e-02
9.961806535720825195e-01,3.819312900304794312e-03
9.969462752342224121e-01,3.053747816011309624e-03
9.987345337867736816e-01,1.265469589270651340e-03
9.944714307785034180e-01,5.528575275093317032e-03
9.956160783767700195e-01,4.383917897939682007e-03
9.956390857696533203e-01,4.360895603895187378e-03
9.995860457420349121e-01,4.140166565775871277e-04
9.864273667335510254e-01,1.357259601354598999e-02
9.903061389923095703e-01,9.693877771496772766e-03
9.979902505874633789e-01,2.009752904996275902e-03
8.255689144134521484e-01,1.744311004877090454e-01
9.752044081687927246e-01,2.479554899036884308e-02
9.993761181831359863e-01,6.238778005354106426e-04
9.717457890510559082e-01,2.825420722365379333e-02
9.858647584915161133e-01,1.413523964583873749e-02
8.181741088628768921e-02,9.181826114654541016e-01
8.738393336534500122e-02,9.126160740852355957e-01
9.994069337844848633e-01,5.930599872954189777e-04
8.281969428062438965e-01,1.718030124902725220e-01
9.933590292930603027e-01,6.641021929681301117e-03
9.085890650749206543e-02,9.091411232948303223e-01
9.994626641273498535e-01,5.373201565816998482e-04
9.866151213645935059e-01,1.338491309434175491e-02
7.390300929546356201e-02,9.260970354080200195e-01
9.992734789848327637e-01,7.265075691975653172e-04
9.991129040718078613e-01,8.871187455952167511e-04
9.957829713821411133e-01,4.217011388391256332e-03
9.993937015533447266e-01,6.063085747882723808e-04
9.818527102470397949e-01,1.814722083508968353e-02
9.995255470275878906e-01,4.744972975458949804e-04
9.835083484649658203e-01,1.649162359535694122e-02
9.875175356864929199e-01,1.248250436037778854e-02
9.995193481445312500e-01,4.806948127225041389e-04
9.987348914146423340e-01,1.265159808099269867e-03
8.438986539840698242e-02,9.156101942062377930e-01
8.564619421958923340e-01,1.435380578041076660e-01
9.900304079055786133e-01,9.969601407647132874e-03
7.428303360939025879e-01,2.571696043014526367e-01
9.938382506370544434e-01,6.161778233945369720e-03
8.923427760601043701e-02,9.107657670974731445e-01
6.450182944536209106e-02,9.354981184005737305e-01
9.992978572845458984e-01,7.020893972367048264e-04
9.942070245742797852e-01,5.792930722236633301e-03
8.185105919837951660e-01,1.814894527196884155e-01
9.280820488929748535e-01,7.191791385412216187e-02
9.994043111801147461e-01,5.956880631856620312e-04
9.996286630630493164e-01,3.713495098054409027e-04
9.998275041580200195e-01,1.725039473967626691e-04
9.969378709793090820e-01,3.062097588554024696e-03
9.940253496170043945e-01,5.974615458399057388e-03
9.993069171905517578e-01,6.930302479304373264e-04
7.498166710138320923e-02,9.250183105468750000e-01
9.810770153999328613e-01,1.892295666038990021e-02
9.809488654136657715e-01,1.905110292136669159e-02
9.995704293251037598e-01,4.295273101888597012e-04
9.512771964073181152e-01,4.872278496623039246e-02
5.889261886477470398e-02,9.411073923110961914e-01
9.051617383956909180e-01,9.483826160430908203e-02
4.616984352469444275e-02,9.538301229476928711e-01
6.682405471801757812e-01,3.317594528198242188e-01
9.626908600330352783e-02,9.037309885025024414e-01
4.825317114591598511e-02,9.517468214035034180e-01
9.964603781700134277e-01,3.539624391123652458e-03
9.992903470993041992e-01,7.096582558006048203e-04
9.997095465660095215e-01,2.904686552938073874e-04
9.976002573966979980e-01,2.399801043793559074e-03
9.933259487152099609e-01,6.674046628177165985e-03
9.871965646743774414e-01,1.280340459197759628e-02
9.730077385902404785e-01,2.699232287704944611e-02
9.747284054756164551e-01,2.527159824967384338e-02
9.995736479759216309e-01,4.262976290192455053e-04
9.994611144065856934e-01,5.389263969846069813e-04
9.993737339973449707e-01,6.262353272177278996e-04
9.976797699928283691e-01,2.320272149518132210e-03
9.926234483718872070e-01,7.376560475677251816e-03
9.625536799430847168e-01,3.744636476039886475e-02
9.993343949317932129e-01,6.655598990619182587e-04
9.996609687805175781e-01,3.389761841390281916e-04
4.856623411178588867e-01,5.143376588821411133e-01
4.729743674397468567e-02,9.527025818824768066e-01
9.963499307632446289e-01,3.650023601949214935e-03
5.200144648551940918e-01,4.799855053424835205e-01
9.964283108711242676e-01,3.571655834093689919e-03
9.994069337844848633e-01,5.930599872954189777e-04
9.810861945152282715e-01,1.891382224857807159e-02
9.993761181831359863e-01,6.238778005354106426e-04
9.993761181831359863e-01,6.238778005354106426e-04
8.007574677467346191e-01,1.992425471544265747e-01
3.846094384789466858e-02,9.615390300750732422e-01
7.075552344322204590e-01,2.924447655677795410e-01
9.994627833366394043e-01,5.372620653361082077e-04
9.993219375610351562e-01,6.780278636142611504e-04
9.993675351142883301e-01,6.324647110886871815e-04
9.995780587196350098e-01,4.219627007842063904e-04
4.108121097087860107e-01,5.891879200935363770e-01
8.788819909095764160e-01,1.211179792881011963e-01
3.107666410505771637e-02,9.689233303070068359e-01
5.099942162632942200e-02,9.490005970001220703e-01
9.938569664955139160e-01,6.142992526292800903e-03
9.998053908348083496e-01,1.945851545315235853e-04
9.993219375610351562e-01,6.780278636142611504e-04
5.859673023223876953e-02,9.414032697677612305e-01
9.905843734741210938e-01,9.415604174137115479e-03
9.993845224380493164e-01,6.154865259304642677e-04
3.907518386840820312e-01,6.092482209205627441e-01
5.293306708335876465e-02,9.470669031143188477e-01
9.944728016853332520e-01,5.527170374989509583e-03
8.954752683639526367e-01,1.045247316360473633e-01
9.949347376823425293e-01,5.065241362899541855e-03
8.768383264541625977e-01,1.231616884469985962e-01
9.993280172348022461e-01,6.719559314660727978e-04
9.623664617538452148e-01,3.763356804847717285e-02
9.992475509643554688e-01,7.525069522671401501e-04
9.994899034500122070e-01,5.101018468849360943e-04
9.995002746582031250e-01,4.997667856514453888e-04
9.944996833801269531e-01,5.500278435647487640e-03
9.941358566284179688e-01,5.864115431904792786e-03
9.996812343597412109e-01,3.187705297023057938e-04
9.997479319572448730e-01,2.520066918805241585e-04
2.631854265928268433e-02,9.736815094947814941e-01
9.991654157638549805e-01,8.345866808667778969e-04
9.984855055809020996e-01,1.514560775831341743e-03
7.944460511207580566e-01,2.055539339780807495e-01
7.391871809959411621e-01,2.608127892017364502e-01
7.266820073127746582e-01,2.733179628849029541e-01
5.615049600601196289e-01,4.384950697422027588e-01
9.994207620620727539e-01,5.792212323285639286e-04
4.308048188686370850e-01,5.691952109336853027e-01
5.373165011405944824e-01,4.626835286617279053e-01
9.852393865585327148e-01,1.476058922708034515e-02
9.993608593940734863e-01,6.391347269527614117e-04
1.736160665750503540e-01,8.263838887214660645e-01
9.885985851287841797e-01,1.140141859650611877e-02
7.190111279487609863e-01,2.809889018535614014e-01
9.870163798332214355e-01,1.298358011990785599e-02
3.453240990638732910e-01,6.546759009361267090e-01
5.789666175842285156e-01,4.210333824157714844e-01
9.994928836822509766e-01,5.070716724731028080e-04
9.992176294326782227e-01,7.822999614290893078e-04
9.997681975364685059e-01,2.318203187314793468e-04
9.996889829635620117e-01,3.110811230726540089e-04
9.994413256645202637e-01,5.587110645137727261e-04
4.936114251613616943e-01,5.063886046409606934e-01
9.992731213569641113e-01,7.268656045198440552e-04
7.042653560638427734e-01,2.957346737384796143e-01
1.758309006690979004e-01,8.241690993309020996e-01
9.993703961372375488e-01,6.296662031672894955e-04
9.041946381330490112e-02,9.095805287361145020e-01
1.024542674422264099e-01,8.975457549095153809e-01
5.255720615386962891e-01,4.744279384613037109e-01
9.992978572845458984e-01,7.020893972367048264e-04
6.357905864715576172e-01,3.642093837261199951e-01
1.189065631479024887e-02,9.881094098091125488e-01
6.463921070098876953e-01,3.536079227924346924e-01
5.378122329711914062e-01,4.621877968311309814e-01
6.715660691261291504e-01,3.284339010715484619e-01
9.803780913352966309e-01,1.962191797792911530e-02
9.994049072265625000e-01,5.951040657237172127e-04
9.273994565010070801e-01,7.260056585073471069e-02
9.993408322334289551e-01,6.591030396521091461e-04
9.993509650230407715e-01,6.490236264653503895e-04
6.092611327767372131e-02,9.390738606452941895e-01
1.814778447151184082e-01,8.185221552848815918e-01
3.239164948463439941e-01,6.760835051536560059e-01
9.832900762557983398e-01,1.670989580452442169e-02
2.359820008277893066e-01,7.640180587768554688e-01
9.993378520011901855e-01,6.621548091061413288e-04
9.956943988800048828e-01,4.305521957576274872e-03
4.162295162677764893e-01,5.837705135345458984e-01
4.754711389541625977e-01,5.245288610458374023e-01
1.769426167011260986e-01,8.230573534965515137e-01
6.712403148412704468e-02,9.328759312629699707e-01
9.997127652168273926e-01,2.872216282412409782e-04
3.280773460865020752e-01,6.719226837158203125e-01
9.998162388801574707e-01,1.837472373154014349e-04
5.729484558105468750e-02,9.427051544189453125e-01
1.622043177485466003e-02,9.837796092033386230e-01
7.526528555899858475e-03,9.924734830856323242e-01
9.814650416374206543e-01,1.853495463728904724e-02
9.797317385673522949e-01,2.026833221316337585e-02
9.992853999137878418e-01,7.146329153329133987e-04
1.531396806240081787e-01,8.468603491783142090e-01
2.358405441045761108e-01,7.641595005989074707e-01
9.993395209312438965e-01,6.604735972359776497e-04
1.257727295160293579e-01,8.742272257804870605e-01
9.993861913681030273e-01,6.137317977845668793e-04
7.981382012367248535e-01,2.018618583679199219e-01
9.992475509643554688e-01,7.524323300458490849e-04
9.992475509643554688e-01,7.525069522671401501e-04
9.993737339973449707e-01,6.262353272177278996e-04
5.749251693487167358e-02,9.425075054168701172e-01
2.963168621063232422e-01,7.036831378936767578e-01
3.823253214359283447e-01,6.176747083663940430e-01
1.868704520165920258e-02,9.813129901885986328e-01
9.784832000732421875e-01,2.151681110262870789e-02
7.821968942880630493e-02,9.217802882194519043e-01
9.992375373840332031e-01,7.624340360052883625e-04
2.399517409503459930e-02,9.760047793388366699e-01
9.700220227241516113e-01,2.997796237468719482e-02
2.417504340410232544e-01,7.582496404647827148e-01
9.568724632263183594e-01,4.312752187252044678e-02
9.991305470466613770e-01,8.695198921486735344e-04
9.735465645790100098e-01,2.645342983305454254e-02
3.300054743885993958e-02,9.669994711875915527e-01
2.351470589637756348e-01,7.648529410362243652e-01
1.956290751695632935e-02,9.804370999336242676e-01
9.994899034500122070e-01,5.101018468849360943e-04
2.287706546485424042e-02,9.771229028701782227e-01
1.250899583101272583e-01,8.749100565910339355e-01
9.767627120018005371e-01,2.323729917407035828e-02
9.993013143539428711e-01,6.986393709667026997e-04
9.998455047607421875e-01,1.544716069474816322e-04
8.270230144262313843e-02,9.172977209091186523e-01
6.757435202598571777e-01,3.242564499378204346e-01
9.992501139640808105e-01,7.498883060179650784e-04
1.943485252559185028e-02,9.805651307106018066e-01
2.415930777788162231e-01,7.584068775177001953e-01
9.992501139640808105e-01,7.498661871068179607e-04
9.996339082717895508e-01,3.660795046016573906e-04
1.710711568593978882e-01,8.289288282394409180e-01
9.553597569465637207e-01,4.464029520750045776e-02
9.478284716606140137e-01,5.217156931757926941e-02
1.491571366786956787e-01,8.508428931236267090e-01
9.601176977157592773e-01,3.988233953714370728e-02
1.083150971680879593e-02,9.891685247421264648e-01
6.315628066658973694e-03,9.936843514442443848e-01
1.164957433938980103e-01,8.835042715072631836e-01
5.499640479683876038e-02,9.450036287307739258e-01
9.480381011962890625e-01,5.196193978190422058e-02
9.992281198501586914e-01,7.718645501881837845e-04
5.805222317576408386e-02,9.419477581977844238e-01
4.154885560274124146e-02,9.584511518478393555e-01
1.201624702662229538e-02,9.879837036132812500e-01
9.992445707321166992e-01,7.553991745226085186e-04
9.996058344841003418e-01,3.942038165405392647e-04
9.480844438076019287e-02,9.051915407180786133e-01
1.642297022044658661e-02,9.835770726203918457e-01
7.052803877741098404e-03,9.929472208023071289e-01
9.995736479759216309e-01,4.262976290192455053e-04
9.992501139640808105e-01,7.498947670683264732e-04
9.997656941413879395e-01,2.342970547033473849e-04
4.353891685605049133e-02,9.564610123634338379e-01
1.164537388831377029e-02,9.883545637130737305e-01
1.292156875133514404e-01,8.707842826843261719e-01
1.253169924020767212e-01,8.746830224990844727e-01
9.994273185729980469e-01,5.726679810322821140e-04
5.246628075838088989e-03,9.947533607482910156e-01
6.482100486755371094e-02,9.351789951324462891e-01
5.170667171478271484e-02,9.482933878898620605e-01
1.406389847397804260e-02,9.859361648559570312e-01
9.997681975364685059e-01,2.318203187314793468e-04
2.342423424124717712e-03,9.976575374603271484e-01
8.381530642509460449e-02,9.161846637725830078e-01
6.776677370071411133e-01,3.223322629928588867e-01
9.688571095466613770e-01,3.114286623895168304e-02
4.609237983822822571e-02,9.539076089859008789e-01
1.076556518673896790e-01,8.923443555831909180e-01
9.690634012222290039e-01,3.093660064041614532e-02
4.181226342916488647e-02,9.581877589225769043e-01
4.849617928266525269e-02,9.515038132667541504e-01
9.425472021102905273e-01,5.745281651616096497e-02
9.992501139640808105e-01,7.498661871068179607e-04
2.490461571142077446e-03,9.975094795227050781e-01
5.188649520277976990e-03,9.948112964630126953e-01
9.992696642875671387e-01,7.303634774871170521e-04
2.273724414408206940e-03,9.977262616157531738e-01
1.344592217355966568e-02,9.865540862083435059e-01
9.998455047607421875e-01,1.544716069474816322e-04
1.892472058534622192e-02,9.810753464698791504e-01
9.867537617683410645e-01,1.324618607759475708e-02
9.993207454681396484e-01,6.793208885937929153e-04
9.992470741271972656e-01,7.529871654696762562e-04
2.672775276005268097e-02,9.732722043991088867e-01
9.992631077766418457e-01,7.368482765741646290e-04
4.440075531601905823e-02,9.555993080139160156e-01
8.928914666175842285e-01,1.071085557341575623e-01
9.751710891723632812e-01,2.482886426150798798e-02
9.348048567771911621e-01,6.519506871700286865e-02
9.948868155479431152e-01,5.113183520734310150e-03
1.904757693409919739e-02,9.809524416923522949e-01
2.450901642441749573e-02,9.754909873008728027e-01
3.640898689627647400e-02,9.635909795761108398e-01
6.603871006518602371e-03,9.933961033821105957e-01
1.901473291218280792e-02,9.809852838516235352e-01
5.943536758422851562e-01,4.056462943553924561e-01
9.912793040275573730e-01,8.720724843442440033e-03
9.993348717689514160e-01,6.651331204921007156e-04
9.992540478706359863e-01,7.459881599061191082e-04
7.118399739265441895e-01,2.881599664688110352e-01
4.340050742030143738e-02,9.565994143486022949e-01
9.977170228958129883e-01,2.282960340380668640e-03
1.211450668051838875e-03,9.987885355949401855e-01
1.148563460446894169e-03,9.988514184951782227e-01
3.985736053436994553e-03,9.960142374038696289e-01
2.705859718844294548e-03,9.972941279411315918e-01
3.894519293680787086e-03,9.961054921150207520e-01
2.814764156937599182e-02,9.718523621559143066e-01
2.277498319745063782e-02,9.772250056266784668e-01
6.644754321314394474e-04,9.993354678153991699e-01
2.302489243447780609e-02,9.769750833511352539e-01
9.992501139640808105e-01,7.498750928789377213e-04
9.995278120040893555e-01,4.722265584859997034e-04
6.398042291402816772e-02,9.360195398330688477e-01
9.518546983599662781e-03,9.904814362525939941e-01
7.213334739208221436e-02,9.278666973114013672e-01
9.882275946438312531e-03,9.901177287101745605e-01
9.626966118812561035e-01,3.730336576700210571e-02
9.998955726623535156e-01,1.044345699483528733e-04
7.490505813620984554e-04,9.992509484291076660e-01
9.825028181076049805e-01,1.749723404645919800e-02
9.996869564056396484e-01,3.130623081233352423e-04
8.876798674464225769e-03,9.911231994628906250e-01
8.200883865356445312e-01,1.799115538597106934e-01
3.516744077205657959e-02,9.648325443267822266e-01
9.997665286064147949e-01,2.334290038561448455e-04
9.989398121833801270e-01,1.060225651599466801e-03
2.049811882898211479e-03,9.979502558708190918e-01
1.071037165820598602e-02,9.892895817756652832e-01
8.186658844351768494e-03,9.918133020401000977e-01
5.801415070891380310e-03,9.941985607147216797e-01
9.876790642738342285e-01,1.232099346816539764e-02
4.459883645176887512e-02,9.554012417793273926e-01
1.908745057880878448e-02,9.809125065803527832e-01
2.623232007026672363e-01,7.376767992973327637e-01
9.999401569366455078e-01,5.987570693832822144e-05
1.340955775231122971e-02,9.865905046463012695e-01
3.305977582931518555e-01,6.694022417068481445e-01
6.418730616569519043e-01,3.581269681453704834e-01
9.998967647552490234e-01,1.032159343594685197e-04
2.269287556409835815e-01,7.730712294578552246e-01
4.819427430629730225e-02,9.518056511878967285e-01
5.184705853462219238e-01,4.815294146537780762e-01
9.997318387031555176e-01,2.681773621588945389e-04
9.506496787071228027e-01,4.935031756758689880e-02
9.992501139640808105e-01,7.498750928789377213e-04
3.510352969169616699e-01,6.489646434783935547e-01
1.225191052071750164e-03,9.987748265266418457e-01
6.014571990817785263e-04,9.993985891342163086e-01
2.368507906794548035e-03,9.976314306259155273e-01
8.514423370361328125e-01,1.485576927661895752e-01
9.993321299552917480e-01,6.678918725810945034e-04
4.284737631678581238e-03,9.957152009010314941e-01
6.718625426292419434e-01,3.281374573707580566e-01
8.638295531272888184e-01,1.361704617738723755e-01
1.595479086972773075e-03,9.984045624732971191e-01
1.024853438138961792e-02,9.897514581680297852e-01
1.061701402068138123e-02,9.893829226493835449e-01
9.633224606513977051e-01,3.667752444744110107e-02
3.695681924000382423e-03,9.963042736053466797e-01
9.456321001052856445e-01,5.436791852116584778e-02
9.993531107902526855e-01,6.469063810072839260e-04
9.988861856982111931e-04,9.990010857582092285e-01
8.088980102911591530e-04,9.991911053657531738e-01
3.812102600932121277e-03,9.961878657341003418e-01
1.582882553339004517e-02,9.841712117195129395e-01
1.359438989311456680e-03,9.986405968666076660e-01
1.183838350698351860e-03,9.988161325454711914e-01
1.800020225346088409e-03,9.981999397277832031e-01
2.071395814418792725e-01,7.928603887557983398e-01
9.066128730773925781e-01,9.338716417551040649e-02
7.594696283340454102e-01,2.405303567647933960e-01
7.179239392280578613e-01,2.820761203765869141e-01
1.005874830298125744e-03,9.989941716194152832e-01
9.148656390607357025e-04,9.990851879119873047e-01
2.523769624531269073e-02,9.747622609138488770e-01
9.818562865257263184e-02,9.018144011497497559e-01
2.098693549633026123e-01,7.901306152343750000e-01
1.256110332906246185e-02,9.874388575553894043e-01
9.976664781570434570e-01,2.333555603399872780e-03
1.112543744966387749e-03,9.988874793052673340e-01
2.395694609731435776e-03,9.976043105125427246e-01
2.964076101779937744e-01,7.035923600196838379e-01
8.876559734344482422e-01,1.123439893126487732e-01
5.871096625924110413e-03,9.941289424896240234e-01
4.906685650348663330e-01,5.093314051628112793e-01
9.999312162399291992e-01,6.879606371512636542e-05
1.424518995918333530e-03,9.985754489898681641e-01
9.800941683351993561e-03,9.901990890502929688e-01
9.994352459907531738e-01,5.647008074447512627e-04
8.525316715240478516e-01,1.474683284759521484e-01
9.998778104782104492e-01,1.221792481373995543e-04
2.421721117570996284e-03,9.975783228874206543e-01
2.322651911526918411e-03,9.976773858070373535e-01
2.178983064368367195e-03,9.978209733963012695e-01
1.292834430932998657e-01,8.707165718078613281e-01
4.319937527179718018e-01,5.680062174797058105e-01
5.917242765426635742e-01,4.082757234573364258e-01
1.981253968551754951e-03,9.980187416076660156e-01
8.755291700363159180e-01,1.244707852602005005e-01
7.891122251749038696e-03,9.921088814735412598e-01
8.992587029933929443e-02,9.100741147994995117e-01
8.747555017471313477e-01,1.252445280551910400e-01
4.887322336435317993e-02,9.511267542839050293e-01
2.279162108898162842e-01,7.720837593078613281e-01
6.298420485109090805e-04,9.993701577186584473e-01
1.043735304847359657e-03,9.989562034606933594e-01
2.402849728241562843e-03,9.975971579551696777e-01
2.702606618404388428e-01,7.297393083572387695e-01
7.842217087745666504e-01,2.157782614231109619e-01
5.241455510258674622e-04,9.994758963584899902e-01
1.522646285593509674e-03,9.984773993492126465e-01
3.065929980948567390e-03,9.969340562820434570e-01
8.106028288602828979e-02,9.189397096633911133e-01
4.577335417270660400e-01,5.422664284706115723e-01
1.736523583531379700e-03,9.982635378837585449e-01
8.022324740886688232e-02,9.197767972946166992e-01
9.993904829025268555e-01,6.095088319852948189e-04
9.999334812164306641e-01,6.652542651863768697e-05
1.527376323938369751e-01,8.472623229026794434e-01
9.997902512550354004e-01,2.098002587445080280e-04
7.649395149201154709e-03,9.923506379127502441e-01
9.998968839645385742e-01,1.030936618917621672e-04
1.504489593207836151e-02,9.849550724029541016e-01
6.124275922775268555e-01,3.875723779201507568e-01
9.999077320098876953e-01,9.222436347045004368e-05
2.981735579669475555e-02,9.701827168464660645e-01
9.993321299552917480e-01,6.678918725810945034e-04
9.758910536766052246e-01,2.410893328487873077e-02
6.365192532539367676e-01,3.634807765483856201e-01
9.372618515044450760e-04,9.990627169609069824e-01
1.091437530703842640e-03,9.989085197448730469e-01
9.975751042366027832e-01,2.424858743324875832e-03
3.473463002592325211e-04,9.996526241302490234e-01
6.559754610061645508e-01,3.440245687961578369e-01
1.285751117393374443e-03,9.987142086029052734e-01
1.061291317455470562e-03,9.989387392997741699e-01
1.648074132390320301e-03,9.983519315719604492e-01
7.880214601755142212e-02,9.211978316307067871e-01
7.591727189719676971e-04,9.992408752441406250e-01
8.955623488873243332e-04,9.991044402122497559e-01
2.791077792644500732e-01,7.208921909332275391e-01
9.993531107902526855e-01,6.469063810072839260e-04
2.197461202740669250e-03,9.978025555610656738e-01
3.864342346787452698e-02,9.613565802574157715e-01
9.993321299552917480e-01,6.678918725810945034e-04
7.380433962680399418e-04,9.992619156837463379e-01
4.834894556552171707e-03,9.951651096343994141e-01
1.572793815284967422e-03,9.984272718429565430e-01
4.819418862462043762e-02,9.518057703971862793e-01
3.371155261993408203e-02,9.662884473800659180e-01
8.330939412117004395e-01,1.669060140848159790e-01
3.417939879000186920e-03,9.965820908546447754e-01
3.884537611156702042e-03,9.961154460906982422e-01
9.828078560531139374e-03,9.901719689369201660e-01
1.699457876384258270e-02,9.830053448677062988e-01
9.997138381004333496e-01,2.861894317902624607e-04
9.997653365135192871e-01,2.346686233067885041e-04
2.135423244908452034e-03,9.978645443916320801e-01
2.530644414946436882e-03,9.974694252014160156e-01
9.999103546142578125e-01,8.959556726040318608e-05
2.774021588265895844e-03,9.972259402275085449e-01
1.062096445821225643e-03,9.989379048347473145e-01
5.741932243108749390e-02,9.425806999206542969e-01
1.085093915462493896e-01,8.914905786514282227e-01
1.486070007085800171e-01,8.513929843902587891e-01
6.781558040529489517e-04,9.993218183517456055e-01
9.782145023345947266e-01,2.178553119301795959e-02
1.175187621265649796e-02,9.882481694221496582e-01
7.784794270992279053e-02,9.221520423889160156e-01
4.905042704194784164e-03,9.950950145721435547e-01
7.850635796785354614e-03,9.921493530273437500e-01
4.605058580636978149e-02,9.539494514465332031e-01
3.995885848999023438e-01,6.004113554954528809e-01
2.185397315770387650e-03,9.978145360946655273e-01
2.847675606608390808e-02,9.715232849121093750e-01
9.993199110031127930e-01,6.800894043408334255e-04
2.327897585928440094e-03,9.976721405982971191e-01
1.296776696108281612e-03,9.987032413482666016e-01
1.824015518650412560e-03,9.981759786605834961e-01
5.584559985436499119e-04,9.994415640830993652e-01
2.370230294764041901e-02,9.762977361679077148e-01
1.133978366851806641e-03,9.988660812377929688e-01
7.212561322376132011e-04,9.992787241935729980e-01
1.720322296023368835e-02,9.827967882156372070e-01
2.987001650035381317e-02,9.701299667358398438e-01
2.700925245881080627e-02,9.729908108711242676e-01
1.368549019098281860e-01,8.631451129913330078e-01
8.586841225624084473e-01,1.413158327341079712e-01
2.577023347839713097e-03,9.974230527877807617e-01
2.327574184164404869e-03,9.976723790168762207e-01
3.386470302939414978e-02,9.661353230476379395e-01
2.594825066626071930e-02,9.740517735481262207e-01
1.534740440547466278e-03,9.984652996063232422e-01
2.349216192960739136e-01,7.650783061981201172e-01
9.994162321090698242e-01,5.837522912770509720e-04
1.385339815169572830e-02,9.861466288566589355e-01
2.706724405288696289e-02,9.729328155517578125e-01
9.876107573509216309e-01,1.238925661891698837e-02
1.807788969017565250e-03,9.981922507286071777e-01
1.975614205002784729e-02,9.802438020706176758e-01
6.512839347124099731e-02,9.348716735839843750e-01
9.815498590469360352e-01,1.845007576048374176e-02
4.099032655358314514e-02,9.590096473693847656e-01
4.269247874617576599e-02,9.573075175285339355e-01
2.164300158619880676e-02,9.783570170402526855e-01
9.993904829025268555e-01,6.095088319852948189e-04
1.145054120570421219e-03,9.988549947738647461e-01
2.836508210748434067e-03,9.971634745597839355e-01
2.293784357607364655e-02,9.770621061325073242e-01
5.505913496017456055e-01,4.494087100028991699e-01
9.993523955345153809e-01,6.476371199823915958e-04
3.008631058037281036e-03,9.969913959503173828e-01
1.200253143906593323e-02,9.879974126815795898e-01
4.111811053007841110e-03,9.958881735801696777e-01
3.146604634821414948e-03,9.968534111976623535e-01
2.838585898280143738e-02,9.716141819953918457e-01
9.995929598808288574e-01,4.070588329341262579e-04
5.634129643440246582e-01,4.365870356559753418e-01
1.037593581713736057e-03,9.989624023437500000e-01
7.566575706005096436e-02,9.243342876434326172e-01
9.984477758407592773e-01,1.552154426462948322e-03
3.409062279388308525e-03,9.965909719467163086e-01
1.416503358632326126e-02,9.858350157737731934e-01
2.110671252012252808e-01,7.889328598976135254e-01
1.794370114803314209e-01,8.205629587173461914e-01
1.193873584270477295e-02,9.880613088607788086e-01
9.998188614845275879e-01,1.811892143450677395e-04
1.006343052722513676e-03,9.989936947822570801e-01
3.570844605565071106e-02,9.642916321754455566e-01
1.425459682941436768e-01,8.574540019035339355e-01
1.828099228441715240e-02,9.817189574241638184e-01
3.928911313414573669e-02,9.607109427452087402e-01
8.280911296606063843e-02,9.171909093856811523e-01
4.098409321159124374e-03,9.959016442298889160e-01
1.150220930576324463e-01,8.849778771400451660e-01
1.190705671906471252e-01,8.809294104576110840e-01
9.988639354705810547e-01,1.136092119850218296e-03
9.997481703758239746e-01,2.518681285437196493e-04
8.234546184539794922e-01,1.765453219413757324e-01
3.098434582352638245e-02,9.690157175064086914e-01
9.994356036186218262e-01,5.643262993544340134e-04
1.381660113111138344e-03,9.986183643341064453e-01
5.202088877558708191e-02,9.479790925979614258e-01
9.997827410697937012e-01,2.172210806747898459e-04
2.189852669835090637e-02,9.781014919281005859e-01
2.308489987626671791e-03,9.976915121078491211e-01
9.959922432899475098e-01,4.007753450423479080e-03
9.987670183181762695e-01,1.233017304912209511e-03
9.994902610778808594e-01,5.097197717987000942e-04
4.701238591223955154e-03,9.952988028526306152e-01
9.992234706878662109e-01,7.765475893393158913e-04
1.229633297771215439e-02,9.877036809921264648e-01
6.214685738086700439e-03,9.937852621078491211e-01
5.030549596995115280e-03,9.949694275856018066e-01
2.174375951290130615e-02,9.782562255859375000e-01
1.320638358592987061e-01,8.679361343383789062e-01
3.046256024390459061e-03,9.969537258148193359e-01
5.204467102885246277e-03,9.947955012321472168e-01
2.440765500068664551e-02,9.755923151969909668e-01
2.009745687246322632e-02,9.799025654792785645e-01
3.463469147682189941e-01,6.536530852317810059e-01
9.994609951972961426e-01,5.390211590565741062e-04
5.398237705230712891e-02,9.460176229476928711e-01
4.221501294523477554e-03,9.957784414291381836e-01
2.194088697433471680e-02,9.780591726303100586e-01
1.381019204854965210e-01,8.618980646133422852e-01
9.938409328460693359e-01,6.159057840704917908e-03
2.372277667745947838e-03,9.976277947425842285e-01
9.651480317115783691e-01,3.485197201371192932e-02
9.992552399635314941e-01,7.446925155818462372e-04
8.325087837874889374e-03,9.916749596595764160e-01
9.490817785263061523e-03,9.905091524124145508e-01
9.993281364440917969e-01,6.718691438436508179e-04
9.994645714759826660e-01,5.354080349206924438e-04
1.014505419880151749e-02,9.898549318313598633e-01
8.646065369248390198e-03,9.913539290428161621e-01
9.994389414787292480e-01,5.610462394542992115e-04
8.279718458652496338e-03,9.917203187942504883e-01
1.467478228732943535e-03,9.985325336456298828e-01
5.097921565175056458e-02,9.490207433700561523e-01
7.594263553619384766e-02,9.240574240684509277e-01
1.297547854483127594e-02,9.870245456695556641e-01
9.233588352799415588e-03,9.907664060592651367e-01
4.629879817366600037e-02,9.537011981010437012e-01
9.984036087989807129e-01,1.596454065293073654e-03
6.270026788115501404e-03,9.937299489974975586e-01
2.379607409238815308e-03,9.976204037666320801e-01
4.688881710171699524e-02,9.531111717224121094e-01
8.135691285133361816e-03,9.918643236160278320e-01
5.090220645070075989e-02,9.490977525711059570e-01
1.836921088397502899e-02,9.816307425498962402e-01
7.784855552017688751e-03,9.922152161598205566e-01
3.772961348295211792e-02,9.622704386711120605e-01
9.992175102233886719e-01,7.824968779459595680e-04
1.166512742638587952e-01,8.833487033843994141e-01
3.075147792696952820e-02,9.692485928535461426e-01
2.028511650860309601e-02,9.797149300575256348e-01
9.992284774780273438e-01,7.714979583397507668e-04
9.982841610908508301e-01,1.715796766802668571e-03
3.990536089986562729e-03,9.960094690322875977e-01
5.983150005340576172e-02,9.401684403419494629e-01
5.547830089926719666e-02,9.445217251777648926e-01
9.992046952247619629e-01,7.953714230097830296e-04
9.995545744895935059e-01,4.453739966265857220e-04
2.623792039230465889e-03,9.973762035369873047e-01
1.319016050547361374e-02,9.868098497390747070e-01
9.757488034665584564e-03,9.902425408363342285e-01
8.480367064476013184e-01,1.519632786512374878e-01
6.420228481292724609e-01,3.579771220684051514e-01
9.991315007209777832e-01,8.684947388246655464e-04
2.948379376903176308e-03,9.970515966415405273e-01
1.694435477256774902e-01,8.305563926696777344e-01
6.540013942867517471e-03,9.934599399566650391e-01
6.454470753669738770e-01,3.545528948307037354e-01
4.269286058843135834e-03,9.957306981086730957e-01
1.011234335601329803e-02,9.898876547813415527e-01
1.253263205289840698e-01,8.746737241744995117e-01
3.360786661505699158e-02,9.663920998573303223e-01
1.706231757998466492e-02,9.829376339912414551e-01
3.482767194509506226e-02,9.651723504066467285e-01
7.231215946376323700e-03,9.927687644958496094e-01
9.985241293907165527e-01,1.475909259170293808e-03
6.755197420716285706e-03,9.932448267936706543e-01
2.355236327275633812e-03,9.976447224617004395e-01
1.572200655937194824e-02,9.842780232429504395e-01
5.202438682317733765e-03,9.947975873947143555e-01
6.117523182183504105e-03,9.938825368881225586e-01
9.994902610778808594e-01,5.097197717987000942e-04
9.983154535293579102e-01,1.684616319835186005e-03
3.319618292152881622e-03,9.966803789138793945e-01
7.073658052831888199e-03,9.929262995719909668e-01
3.983430191874504089e-02,9.601657390594482422e-01
4.011290967464447021e-01,5.988709330558776855e-01
9.975504279136657715e-01,2.449567196890711784e-03
9.920670986175537109e-01,7.932858541607856750e-03
9.769533276557922363e-01,2.304662950336933136e-02
3.725069342181086540e-03,9.962749481201171875e-01
9.994070529937744141e-01,5.929851904511451721e-04
9.987006187438964844e-01,1.299394061788916588e-03
2.653613127768039703e-02,9.734638929367065430e-01
3.000493347644805908e-02,9.699951410293579102e-01
3.211710229516029358e-02,9.678828716278076172e-01
2.555111423134803772e-03,9.974448680877685547e-01
5.680205766111612320e-03,9.943197965621948242e-01
9.995952248573303223e-01,4.048393166158348322e-04
1.683471649885177612e-01,8.316528797149658203e-01
2.755062654614448547e-03,9.972449541091918945e-01
9.299755841493606567e-02,9.070024490356445312e-01
3.281480632722377777e-03,9.967184662818908691e-01
4.195721819996833801e-03,9.958042502403259277e-01
1.128451004624366760e-01,8.871549367904663086e-01
6.177877634763717651e-02,9.382212162017822266e-01
4.007308278232812881e-03,9.959927201271057129e-01
2.117662876844406128e-02,9.788233637809753418e-01
6.845725700259208679e-03,9.931542873382568359e-01
1.805900968611240387e-02,9.819409847259521484e-01
9.995100498199462891e-01,4.899673513136804104e-04
4.172048717737197876e-02,9.582794904708862305e-01
8.678725920617580414e-03,9.913212656974792480e-01
1.870647422038018703e-03,9.981293082237243652e-01
4.408582579344511032e-03,9.955914020538330078e-01
1.337593700736761093e-02,9.866240024566650391e-01
8.625405281782150269e-02,9.137459397315979004e-01
9.983962178230285645e-01,1.603767159394919872e-03
9.577356278896331787e-03,9.904226064682006836e-01
3.537997137755155563e-03,9.964620471000671387e-01
9.972209930419921875e-01,2.779001602903008461e-03
7.892055064439773560e-02,9.210795164108276367e-01
2.328525530174374580e-03,9.976714253425598145e-01
2.069480251520872116e-03,9.979305267333984375e-01
9.844531118869781494e-02,9.015547633171081543e-01
1.659853458404541016e-01,8.340146541595458984e-01
9.902561306953430176e-01,9.743881411850452423e-03
2.328480128198862076e-03,9.976715445518493652e-01
1.386012230068445206e-02,9.861398935317993164e-01
4.002256784588098526e-03,9.959977865219116211e-01
8.748427033424377441e-01,1.251572668552398682e-01
1.549013145267963409e-02,9.845098853111267090e-01
3.468170762062072754e-02,9.653182625770568848e-01
9.869324564933776855e-01,1.306753698736429214e-02
9.990538954734802246e-01,9.461391018703579903e-04
9.281404316425323486e-03,9.907186627388000488e-01
1.603793650865554810e-01,8.396206498146057129e-01
6.026505492627620697e-03,9.939734339714050293e-01
1.182405278086662292e-02,9.881759881973266602e-01
1.789357629604637623e-03,9.982106685638427734e-01
2.965334337204694748e-03,9.970346689224243164e-01
3.078522160649299622e-03,9.969214797019958496e-01
9.993199110031127930e-01,6.800894043408334255e-04
2.966691181063652039e-02,9.703330993652343750e-01
1.905367360450327396e-03,9.980946183204650879e-01
2.997036091983318329e-03,9.970028996467590332e-01
7.973973639309406281e-03,9.920260310173034668e-01
1.564873009920120239e-02,9.843512773513793945e-01
9.983034133911132812e-01,1.696592080406844616e-03
1.012492459267377853e-03,9.989874958992004395e-01
2.060992643237113953e-02,9.793900251388549805e-01
3.373164311051368713e-02,9.662684202194213867e-01
2.019532024860382080e-03,9.979805350303649902e-01
9.993686527013778687e-02,9.000630974769592285e-01
1.987174898386001587e-02,9.801282286643981934e-01
1.810372173786163330e-01,8.189628124237060547e-01
3.461817279458045959e-03,9.965381622314453125e-01
8.246009796857833862e-02,9.175399541854858398e-01
1.742659369483590126e-03,9.982573390007019043e-01
9.955217838287353516e-01,4.478267394006252289e-03
3.043416328728199005e-02,9.695658087730407715e-01
9.882749617099761963e-02,9.011724591255187988e-01
5.284523218870162964e-02,9.471547603607177734e-01
3.202840918675065041e-03,9.967971444129943848e-01
6.754583213478326797e-03,9.932454228401184082e-01
9.773878455162048340e-01,2.261214703321456909e-02
1.844644895754754543e-03,9.981552958488464355e-01
3.412403166294097900e-02,9.658759832382202148e-01
1.124234497547149658e-02,9.887576699256896973e-01
1.932521117851138115e-03,9.980674386024475098e-01
6.814660131931304932e-02,9.318534135818481445e-01
9.168693423271179199e-01,8.313065022230148315e-02
1.529466547071933746e-02,9.847053289413452148e-01
6.424244958907365799e-03,9.935757517814636230e-01
9.992896318435668945e-01,7.103429525159299374e-04
1.871620863676071167e-02,9.812838435173034668e-01
4.087588284164667130e-03,9.959123730659484863e-01
2.790007041767239571e-03,9.972099661827087402e-01
2.274203486740589142e-02,9.772579073905944824e-01
5.001679807901382446e-02,9.499831795692443848e-01
1.726098656654357910e-01,8.273901343345642090e-01
1.224533990025520325e-01,8.775465488433837891e-01
9.098445065319538116e-03,9.909015893936157227e-01
1.522417552769184113e-02,9.847758412361145020e-01
1.793719083070755005e-01,8.206281065940856934e-01
2.873493824154138565e-03,9.971265196800231934e-01
2.398063894361257553e-03,9.976019263267517090e-01
3.954564034938812256e-02,9.604543447494506836e-01
9.991703182458877563e-02,9.000830054283142090e-01
1.417433749884366989e-02,9.858255982398986816e-01
6.182264536619186401e-02,9.381774067878723145e-01
3.789181634783744812e-02,9.621081948280334473e-01
8.787210285663604736e-02,9.121279120445251465e-01
2.193830721080303192e-02,9.780616760253906250e-01
2.982477191835641861e-03,9.970175027847290039e-01
4.783092532306909561e-03,9.952169656753540039e-01
9.994132518768310547e-01,5.867609870620071888e-04
2.833472006022930145e-02,9.716652631759643555e-01
1.370216370560228825e-03,9.986298084259033203e-01
1.251657158136367798e-01,8.748343586921691895e-01
1.212088093161582947e-01,8.787912130355834961e-01
3.177533391863107681e-03,9.968224763870239258e-01
1.135313184931874275e-03,9.988646507263183594e-01
1.967281103134155273e-03,9.980327486991882324e-01
5.240484699606895447e-02,9.475951790809631348e-01
1.311303814873099327e-03,9.986887574195861816e-01
2.398948371410369873e-02,9.760105013847351074e-01
5.420831730589270592e-04,9.994578957557678223e-01
2.094053663313388824e-03,9.979059696197509766e-01
2.045306265354156494e-01,7.954694032669067383e-01
3.856951661873608828e-04,9.996142387390136719e-01
4.480288550257682800e-02,9.551970958709716797e-01
3.591191470623016357e-01,6.408808231353759766e-01
5.756063461303710938e-01,4.243936538696289062e-01
2.823295444250106812e-02,9.717670679092407227e-01
3.314611734822392464e-03,9.966854453086853027e-01
1.523192273452877998e-03,9.984768033027648926e-01
7.629490573890507221e-04,9.992370605468750000e-01
9.982171654701232910e-01,1.782807172276079655e-03
1.013462524861097336e-02,9.898653626441955566e-01
5.264951381832361221e-03,9.947351217269897461e-01
2.637718059122562408e-02,9.736228585243225098e-01
2.324148546904325485e-03,9.976758360862731934e-01
3.654339909553527832e-02,9.634566307067871094e-01
6.930662989616394043e-01,3.069337606430053711e-01
6.238516070879995823e-04,9.993761181831359863e-01
8.971295319497585297e-04,9.991029500961303711e-01
6.030811346136033535e-04,9.993969202041625977e-01
1.890707015991210938e-02,9.810928702354431152e-01
2.506409026682376862e-02,9.749359488487243652e-01
3.696078360080718994e-01,6.303921341896057129e-01
8.658283622935414314e-04,9.991342425346374512e-01
1.233961316756904125e-03,9.987660646438598633e-01
9.992184638977050781e-01,7.815683493390679359e-04
9.990220069885253906e-01,9.780196705833077431e-04
1.461268309503793716e-02,9.853873252868652344e-01
3.883187770843505859e-01,6.116811633110046387e-01
4.311988875269889832e-02,9.568800926208496094e-01
9.956943988800048828e-01,4.305620212107896805e-03
1.239200355485081673e-03,9.987608194351196289e-01
1.629975973628461361e-03,9.983699917793273926e-01
2.747601363807916641e-03,9.972524046897888184e-01
3.565057122614234686e-04,9.996434450149536133e-01
9.834397435188293457e-01,1.656023226678371429e-02
9.876372814178466797e-01,1.236267946660518646e-02
1.868171058595180511e-02,9.813182950019836426e-01
2.365756081417202950e-03,9.976342916488647461e-01
1.053036423400044441e-03,9.989469647407531738e-01
9.487207862548530102e-04,9.990512728691101074e-01
7.570692803710699081e-03,9.924293160438537598e-01
2.560966908931732178e-01,7.439033389091491699e-01
9.988874793052673340e-01,1.112550147809088230e-03
6.780062685720622540e-04,9.993220567703247070e-01
7.109864354133605957e-01,2.890135943889617920e-01
8.237226866185665131e-03,9.917627573013305664e-01
2.174136461690068245e-03,9.978258013725280762e-01
3.784751519560813904e-02,9.621524810791015625e-01
4.166691005229949951e-02,9.583331346511840820e-01
1.668115728534758091e-03,9.983318448066711426e-01
9.991487264633178711e-01,8.512731292285025120e-04
8.737586140632629395e-01,1.262413710355758667e-01
1.760788634419441223e-02,9.823921322822570801e-01
1.868445251602679491e-04,9.998131394386291504e-01
5.430183955468237400e-04,9.994569420814514160e-01
6.702601094730198383e-04,9.993298053741455078e-01
1.048304047435522079e-02,9.895169138908386230e-01
5.879383683204650879e-01,4.120616018772125244e-01
8.956021815538406372e-02,9.104397296905517578e-01
3.687278553843498230e-02,9.631272554397583008e-01
9.980604052543640137e-01,1.939555048011243343e-03
2.880056016147136688e-02,9.711994528770446777e-01
3.383653759956359863e-01,6.616345643997192383e-01
1.076186541467905045e-03,9.989238381385803223e-01
1.932124793529510498e-02,9.806787371635437012e-01
6.307574803940951824e-04,9.993692040443420410e-01
1.005764584988355637e-03,9.989942908287048340e-01
7.389237284660339355e-01,2.610763013362884521e-01
6.446293741464614868e-02,9.355370402336120605e-01
2.872551325708627701e-03,9.971274733543395996e-01
9.992184638977050781e-01,7.815683493390679359e-04
7.226760499179363251e-03,9.927732348442077637e-01
6.315971165895462036e-02,9.368402361869812012e-01
5.727297393605113029e-04,9.994273185729980469e-01
9.562593102455139160e-01,4.374065622687339783e-02
1.554057002067565918e-03,9.984459280967712402e-01
5.965503305196762085e-02,9.403449892997741699e-01
8.103670552372932434e-03,9.918963313102722168e-01
4.526797274593263865e-04,9.995473027229309082e-01
1.270231157541275024e-01,8.729768991470336914e-01
3.284883499145507812e-01,6.715116500854492188e-01
7.028247416019439697e-02,9.297175407409667969e-01
5.210519582033157349e-02,9.478947520256042480e-01
4.108606663066893816e-04,9.995891451835632324e-01
1.986107963602989912e-04,9.998014569282531738e-01
8.803931474685668945e-01,1.196068376302719116e-01
9.189839474856853485e-04,9.990810155868530273e-01
5.930322804488241673e-04,9.994069337844848633e-01
2.712880668696016073e-04,9.997287392616271973e-01
3.862598836421966553e-01,6.137400865554809570e-01
1.182613149285316467e-02,9.881738424301147461e-01
3.162447363138198853e-02,9.683755040168762207e-01
3.203389467671513557e-03,9.967966675758361816e-01
6.840011337772011757e-04,9.993159770965576172e-01
2.272493147756904364e-04,9.997727274894714355e-01
9.991400241851806641e-01,8.599298889748752117e-04
6.524672266095876694e-03,9.934753775596618652e-01
2.154311514459550381e-04,9.997845292091369629e-01
1.843968202592805028e-04,9.998156428337097168e-01
6.494155153632164001e-03,9.935058355331420898e-01
2.183069474995136261e-03,9.978169202804565430e-01
8.414729237556457520e-01,1.585270464420318604e-01
1.075562164187431335e-01,8.924437761306762695e-01
3.916850779205560684e-03,9.960831403732299805e-01
6.080506835132837296e-03,9.939194917678833008e-01
4.995345138013362885e-03,9.950047135353088379e-01
3.543084254488348961e-03,9.964569211006164551e-01
1.853692694567143917e-03,9.981462955474853516e-01
7.943969685584306717e-04,9.992056488990783691e-01
2.018443308770656586e-03,9.979815483093261719e-01
8.943418264389038086e-01,1.056582108139991760e-01
5.990791833028197289e-04,9.994009733200073242e-01
2.197735157096758485e-04,9.997802376747131348e-01
9.918997287750244141e-01,8.100260049104690552e-03
1.804981082677841187e-01,8.195018768310546875e-01
4.186952719464898109e-04,9.995812773704528809e-01
2.019736450165510178e-03,9.979802966117858887e-01
3.592331334948539734e-02,9.640766978263854980e-01
9.991757273674011230e-01,8.242209441959857941e-04
5.501629784703254700e-03,9.944984316825866699e-01
1.624905969947576523e-03,9.983750581741333008e-01
4.065091779921203852e-04,9.995935559272766113e-01
6.287127733230590820e-02,9.371286630630493164e-01
5.958516597747802734e-01,4.041483104228973389e-01
3.253475204110145569e-02,9.674652814865112305e-01
6.554279825650155544e-04,9.993445277214050293e-01
4.465943574905395508e-02,9.553406238555908203e-01
4.429027612786740065e-04,9.995570778846740723e-01
7.079070210456848145e-01,2.920929789543151855e-01
4.476039204746484756e-03,9.955239295959472656e-01
1.603004485368728638e-01,8.396995663642883301e-01
8.401529048569500446e-04,9.991598129272460938e-01
9.473230242729187012e-01,5.267698317766189575e-02
1.087655592709779739e-02,9.891235232353210449e-01
2.776701934635639191e-03,9.972232580184936523e-01
8.680529147386550903e-02,9.131946563720703125e-01
1.827659318223595619e-03,9.981722831726074219e-01
8.675771951675415039e-02,9.132422804832458496e-01
2.399566583335399628e-02,9.760043621063232422e-01
8.592246472835540771e-02,9.140775203704833984e-01
3.201932609081268311e-01,6.798067688941955566e-01
2.445419505238533020e-02,9.755457639694213867e-01
3.004606626927852631e-02,9.699539542198181152e-01
6.559416651725769043e-04,9.993440508842468262e-01
4.425596445798873901e-02,9.557439684867858887e-01
1.182941719889640808e-03,9.988170862197875977e-01
7.373338341712951660e-01,2.626661658287048340e-01
2.117704832926392555e-03,9.978823065757751465e-01
1.046591089107096195e-03,9.989533424377441406e-01
1.344569463981315494e-04,9.998655319213867188e-01
1.835250481963157654e-02,9.816474914550781250e-01
2.592615492176264524e-04,9.997407793998718262e-01
1.014216169714927673e-01,8.985783457756042480e-01
3.474261320661753416e-04,9.996526241302490234e-01
2.529705816414207220e-04,9.997469782829284668e-01
9.980455636978149414e-01,1.954421168193221092e-03
4.428737461566925049e-01,5.571262836456298828e-01
1.036383211612701416e-02,9.896361231803894043e-01
7.643091521458700299e-05,9.999235868453979492e-01
9.990538954734802246e-01,9.461391018703579903e-04
3.649593782029114664e-05,9.999635219573974609e-01
1.499470788985490799e-03,9.985005855560302734e-01
2.011504722759127617e-03,9.979884624481201172e-01
3.255950578022748232e-04,9.996744394302368164e-01
9.951718449592590332e-01,4.828159231692552567e-03
2.097749616950750351e-03,9.979022741317749023e-01
2.640568837523460388e-02,9.735942482948303223e-01
2.550181234255433083e-04,9.997449517250061035e-01
6.214631866896525025e-05,9.999378919601440430e-01
1.987559488043189049e-03,9.980124235153198242e-01
5.875503644347190857e-03,9.941244721412658691e-01
4.479800409171730280e-04,9.995519518852233887e-01
4.517314210534095764e-02,9.548268318176269531e-01
2.949896752834320068e-01,7.050103545188903809e-01
8.247954398393630981e-02,9.175204634666442871e-01
5.978417466394603252e-04,9.994021654129028320e-01
1.070213466882705688e-01,8.929786086082458496e-01
2.413761394564062357e-04,9.997586607933044434e-01
4.452175926417112350e-04,9.995548129081726074e-01
1.275303511647507548e-04,9.998724460601806641e-01
9.978396892547607422e-01,2.160325879231095314e-03
2.400623448193073273e-02,9.759938120841979980e-01
4.492299556732177734e-01,5.507700443267822266e-01
4.387486726045608521e-03,9.956125020980834961e-01
1.188301015645265579e-03,9.988117218017578125e-01
1.132809091359376907e-03,9.988672733306884766e-01
1.832567006349563599e-01,8.167433142662048340e-01
1.177634596824645996e-01,8.822364807128906250e-01
1.570689678192138672e-01,8.429309725761413574e-01
9.920861124992370605e-01,7.913870736956596375e-03
3.480783780105412006e-04,9.996519088745117188e-01
2.168026566505432129e-02,9.783197045326232910e-01
3.304577246308326721e-02,9.669541716575622559e-01
5.336067988537251949e-04,9.994663596153259277e-01
1.646520569920539856e-03,9.983534812927246094e-01
5.974148958921432495e-02,9.402584433555603027e-01
9.189224839210510254e-01,8.107747137546539307e-02
4.741620505228638649e-04,9.995259046554565430e-01
1.095029874704778194e-03,9.989049434661865234e-01
6.620686617679893970e-04,9.993378520011901855e-01
4.307331691961735487e-04,9.995692372322082520e-01
4.399930476211011410e-04,9.995599389076232910e-01
3.819005214609205723e-04,9.996180534362792969e-01
3.330149874091148376e-02,9.666984677314758301e-01
6.364762084558606148e-04,9.993634819984436035e-01
1.641197159187868237e-04,9.998358488082885742e-01
8.161740697687491775e-05,9.999183416366577148e-01
8.722307160496711731e-03,9.912776947021484375e-01
2.861998677253723145e-01,7.138000726699829102e-01
1.053333980962634087e-03,9.989467263221740723e-01
1.235413830727338791e-03,9.987646341323852539e-01
2.728285326156765223e-04,9.997271895408630371e-01
3.632352948188781738e-01,6.367647051811218262e-01
5.890129879117012024e-02,9.410986304283142090e-01
1.007588696666061878e-03,9.989923834800720215e-01
1.388901728205382824e-03,9.986110925674438477e-01
1.027090111165307462e-04,9.998972415924072266e-01
9.991400241851806641e-01,8.599298889748752117e-04
1.500532845966517925e-03,9.984995126724243164e-01
5.912100314162671566e-04,9.994088411331176758e-01
4.939523059874773026e-04,9.995059967041015625e-01
2.518323482945561409e-03,9.974816441535949707e-01
5.002275109291076660e-03,9.949977397918701172e-01
4.612383781932294369e-04,9.995387792587280273e-01
9.375652298331260681e-04,9.990624785423278809e-01
1.892635971307754517e-01,8.107364177703857422e-01
6.010955548845231533e-04,9.993989467620849609e-01
4.612383781932294369e-04,9.995387792587280273e-01
1.695177197689190507e-04,9.998304843902587891e-01
1.009787083603441715e-03,9.989902377128601074e-01
1.951861195266246796e-04,9.998047947883605957e-01
1.730399429798126221e-01,8.269600868225097656e-01
3.234515339136123657e-02,9.676548838615417480e-01
7.066880934871733189e-04,9.992933273315429688e-01
9.984042048454284668e-01,1.595804234966635704e-03
9.890918731689453125e-01,1.090814452618360519e-02
9.979873895645141602e-01,2.012584824115037918e-03
5.635569104924798012e-04,9.994364380836486816e-01
1.897052675485610962e-01,8.102947473526000977e-01
1.127633154392242432e-01,8.872366547584533691e-01
4.951700102537870407e-04,9.995048046112060547e-01
5.451728939078748226e-04,9.994547963142395020e-01
5.171836353838443756e-03,9.948281645774841309e-01
9.972483515739440918e-01,2.751569263637065887e-03
1.025502681732177734e-01,8.974497318267822266e-01
8.201774954795837402e-02,9.179822206497192383e-01
7.506915717385709286e-04,9.992492794990539551e-01
3.294516587629914284e-03,9.967054724693298340e-01
1.857907697558403015e-02,9.814209342002868652e-01
2.933619252871721983e-04,9.997065663337707520e-01
2.243428975343704224e-01,7.756571769714355469e-01
4.262104921508580446e-04,9.995737671852111816e-01
5.507355090230703354e-04,9.994493126869201660e-01
5.262697959551587701e-05,9.999474287033081055e-01
5.954942107200622559e-02,9.404505491256713867e-01
1.983501861104741693e-04,9.998016953468322754e-01
1.746562309563159943e-03,9.982534050941467285e-01
6.318768858909606934e-02,9.368122816085815430e-01
8.995950338430702686e-05,9.999099969863891602e-01
6.096587167121469975e-04,9.993903636932373047e-01
1.245554536581039429e-02,9.875444173812866211e-01
9.995468258857727051e-01,4.530904698185622692e-04
9.993822574615478516e-01,6.177653558552265167e-04
1.041959505528211594e-03,9.989579916000366211e-01
2.202665666118264198e-03,9.977973699569702148e-01
5.556343197822570801e-01,4.443656504154205322e-01
3.773050010204315186e-02,9.622694253921508789e-01
1.134140984504483640e-04,9.998866319656372070e-01
1.072132145054638386e-03,9.989278912544250488e-01
1.232824847102165222e-02,9.876717329025268555e-01
2.469639992341399193e-03,9.975304007530212402e-01
1.003045472316443920e-03,9.989969134330749512e-01
6.163737922906875610e-02,9.383625984191894531e-01
9.032940119504928589e-02,9.096706509590148926e-01
6.325023714452981949e-04,9.993675351142883301e-01
3.236025944352149963e-02,9.676396846771240234e-01
6.764046847820281982e-03,9.932360053062438965e-01
5.502947024069726467e-04,9.994496703147888184e-01
1.009787083603441715e-03,9.989902377128601074e-01
9.503225446678698063e-04,9.990497231483459473e-01
9.925109148025512695e-01,7.489065174013376236e-03
2.049674279987812042e-03,9.979503750801086426e-01
7.335585542023181915e-04,9.992664456367492676e-01
1.119782552123069763e-01,8.880217671394348145e-01
1.488121300935745239e-01,8.511878848075866699e-01
3.006623359397053719e-03,9.969934225082397461e-01
2.240962907671928406e-02,9.775903820991516113e-01
1.985565572977066040e-02,9.801442623138427734e-01
2.592808566987514496e-03,9.974071383476257324e-01
2.493583038449287415e-02,9.750642180442810059e-01
2.361091226339340210e-02,9.763891100883483887e-01
3.366652526892721653e-04,9.996633529663085938e-01
4.205996810924261808e-04,9.995793700218200684e-01
7.265429594554007053e-04,9.992734789848327637e-01
2.113930415362119675e-03,9.978861212730407715e-01
7.089578360319137573e-02,9.291042089462280273e-01
5.023874691687524319e-04,9.994976520538330078e-01
8.952061180025339127e-04,9.991047978401184082e-01
2.320873783901333809e-03,9.976791739463806152e-01
6.656154291704297066e-04,9.993343949317932129e-01
9.991927742958068848e-01,8.072775090113282204e-04
1.869210973381996155e-02,9.813078641891479492e-01
1.983501861104741693e-04,9.998016953468322754e-01
2.315795980393886566e-03,9.976842403411865234e-01
4.583692643791437149e-04,9.995416402816772461e-01
3.028928185813128948e-04,9.996970891952514648e-01
3.889327344950288534e-04,9.996110796928405762e-01
1.299870549701154232e-03,9.987001419067382812e-01
9.259255602955818176e-04,9.990741014480590820e-01
4.791035607922822237e-04,9.995208978652954102e-01
6.283904910087585449e-01,3.716095685958862305e-01
6.471971282735466957e-04,9.993527531623840332e-01
3.644508123397827148e-02,9.635549187660217285e-01
8.676311699673533440e-04,9.991323351860046387e-01
2.151911556720733643e-01,7.848088145256042480e-01
3.032884374260902405e-02,9.696711897850036621e-01
9.957006573677062988e-01,4.299322608858346939e-03
9.943781495094299316e-01,5.621851421892642975e-03
2.403476275503635406e-02,9.759652614593505859e-01
1.092526013962924480e-03,9.989074468612670898e-01
3.838755947072058916e-04,9.996161460876464844e-01
2.538698900025337934e-04,9.997461438179016113e-01
8.946276269853115082e-03,9.910537600517272949e-01
3.286572755314409733e-04,9.996713399887084961e-01
4.224909353069961071e-04,9.995774626731872559e-01
6.333925295621156693e-03,9.936659932136535645e-01
4.532153904438018799e-02,9.546784758567810059e-01
3.099814988672733307e-02,9.690018296241760254e-01
3.159255906939506531e-02,9.684074521064758301e-01
2.371374703943729401e-02,9.762862920761108398e-01
1.843032194301486015e-03,9.981569647789001465e-01
1.642447710037231445e-01,8.357552289962768555e-01
2.224545180797576904e-02,9.777545332908630371e-01
8.454903727397322655e-04,9.991545677185058594e-01
9.429205092601478100e-04,9.990571141242980957e-01
3.690106095746159554e-03,9.963098168373107910e-01
5.687207356095314026e-02,9.431279301643371582e-01
3.525048494338989258e-02,9.647495150566101074e-01
4.559383087325841188e-04,9.995440840721130371e-01
5.157801136374473572e-02,9.484219551086425781e-01
1.032805885188281536e-03,9.989671707153320312e-01
9.878992438316345215e-01,1.210081949830055237e-02
5.199433071538805962e-04,9.994800686836242676e-01
1.162643264979124069e-02,9.883735775947570801e-01
9.975046515464782715e-01,2.495344495400786400e-03
8.412768365815281868e-04,9.991587400436401367e-01
7.784994668327271938e-04,9.992214441299438477e-01
1.533708418719470501e-04,9.998465776443481445e-01
7.044817903079092503e-04,9.992954730987548828e-01
1.499624922871589661e-03,9.985003471374511719e-01
9.942327141761779785e-01,5.767304915934801102e-03
4.521502554416656494e-02,9.547849893569946289e-01
5.294888396747410297e-04,9.994705319404602051e-01
6.734080379828810692e-04,9.993265867233276367e-01
6.708294153213500977e-01,3.291705250740051270e-01
4.819602181669324636e-04,9.995180368423461914e-01
1.264078775420784950e-03,9.987359642982482910e-01
4.505646356847137213e-04,9.995494484901428223e-01
6.595194572582840919e-04,9.993404746055603027e-01
4.214645887259393930e-04,9.995785355567932129e-01
7.576989592052996159e-04,9.992423057556152344e-01
2.211941173300147057e-03,9.977880716323852539e-01
3.136262297630310059e-01,6.863738298416137695e-01
1.874141016742214561e-04,9.998126626014709473e-01
6.582522764801979065e-04,9.993417859077453613e-01
9.953134059906005859e-01,4.686628933995962143e-03
2.565886825323104858e-02,9.743412137031555176e-01
4.428033425938338041e-04,9.995571970939636230e-01
7.710210047662258148e-04,9.992289543151855469e-01
6.336137303151190281e-04,9.993663430213928223e-01
5.906749516725540161e-03,9.940932393074035645e-01
1.309699262492358685e-03,9.986903071403503418e-01
1.016094582155346870e-03,9.989839196205139160e-01
2.986956969834864140e-04,9.997013211250305176e-01
3.700826782733201981e-04,9.996298551559448242e-01
1.427792944014072418e-03,9.985722303390502930e-01
1.364211291074752808e-01,8.635788559913635254e-01
7.104150136001408100e-04,9.992895126342773438e-01
5.611373926512897015e-04,9.994388222694396973e-01
7.771944254636764526e-02,9.222804903984069824e-01
5.761158652603626251e-03,9.942388534545898438e-01
5.061029791831970215e-01,4.938970208168029785e-01
1.667116023600101471e-02,9.833288192749023438e-01
1.196897123008966446e-03,9.988031387329101562e-01
5.914990976452827454e-02,9.408500790596008301e-01
2.474463172256946564e-02,9.752553105354309082e-01
9.976283907890319824e-01,2.371584530919790268e-03
1.044080965220928192e-02,9.895591735839843750e-01
3.558096359483897686e-04,9.996441602706909180e-01
1.804119162261486053e-02,9.819588065147399902e-01
4.274405073374509811e-04,9.995725750923156738e-01
6.696123746223747730e-04,9.993304014205932617e-01
3.983176052570343018e-01,6.016824245452880859e-01
3.427492920309305191e-04,9.996572732925415039e-01
1.000302191823720932e-02,9.899970293045043945e-01
7.099721115082502365e-04,9.992899894714355469e-01
1.737890578806400299e-02,9.826211333274841309e-01
3.097496181726455688e-02,9.690250754356384277e-01
2.565610921010375023e-04,9.997434020042419434e-01
4.881361965090036392e-04,9.995118379592895508e-01
6.643795641139149666e-04,9.993355870246887207e-01
1.145309209823608398e-02,9.885468482971191406e-01
9.564010426402091980e-03,9.904360175132751465e-01
1.442929450422525406e-02,9.855706691741943359e-01
8.490211330354213715e-04,9.991509914398193359e-01
1.874141016742214561e-04,9.998126626014709473e-01
4.688334593083709478e-04,9.995311498641967773e-01
1.307379337958991528e-03,9.986926913261413574e-01
1.207045745104551315e-02,9.879295825958251953e-01
1.913908636197447777e-03,9.980860948562622070e-01
1.176832593046128750e-03,9.988231062889099121e-01
1.117535051889717579e-03,9.988824725151062012e-01
2.745419181883335114e-02,9.725458025932312012e-01
4.616510123014450073e-04,9.995384216308593750e-01
3.636466264724731445e-01,6.363534331321716309e-01
9.890627264976501465e-01,1.093720830976963043e-02
2.081018319586291909e-04,9.997919201850891113e-01
2.252294216305017471e-04,9.997747540473937988e-01
6.001542205922305584e-04,9.993999004364013672e-01
2.240078151226043701e-01,7.759922146797180176e-01
2.589034475386142731e-02,9.741097092628479004e-01
3.424049064051359892e-04,9.996576309204101562e-01
2.851868630386888981e-04,9.997147917747497559e-01
6.746118306182324886e-04,9.993253946304321289e-01
7.276789401657879353e-04,9.992722868919372559e-01
1.000823918730020523e-02,9.899917244911193848e-01
2.271121920784935355e-04,9.997728466987609863e-01
1.040516304783523083e-03,9.989594221115112305e-01
9.120719134807586670e-02,9.087927937507629395e-01
1.009787083603441715e-03,9.989902377128601074e-01
2.994938404299318790e-04,9.997005462646484375e-01
6.239045178517699242e-04,9.993761181831359863e-01
1.428087940439581871e-03,9.985718727111816406e-01
1.309699262492358685e-03,9.986903071403503418e-01
2.726542763411998749e-02,9.727345705032348633e-01
5.084186559543013573e-04,9.994915723800659180e-01
2.436514571309089661e-02,9.756348729133605957e-01
1.098453439772129059e-02,9.890155196189880371e-01
4.290888027753680944e-04,9.995709061622619629e-01
1.911196159198880196e-04,9.998088479042053223e-01
5.827109888195991516e-02,9.417288303375244141e-01
8.529128390364348888e-04,9.991470575332641602e-01
1.372316386550664902e-03,9.986276626586914062e-01
3.046329021453857422e-01,6.953671574592590332e-01
4.656183719635009766e-01,5.343816280364990234e-01
9.918856620788574219e-01,8.114309050142765045e-03
1.989901810884475708e-02,9.801009893417358398e-01
1.411842368543148041e-02,9.858815670013427734e-01
6.926792557351291180e-04,9.993072748184204102e-01
3.569489717483520508e-02,9.643051624298095703e-01
1.889679580926895142e-01,8.110319972038269043e-01
3.654775321483612061e-01,6.345224976539611816e-01
3.205753397196531296e-03,9.967942833900451660e-01
1.615804582834243774e-01,8.384195566177368164e-01
2.682597259990870953e-04,9.997317194938659668e-01
2.432240638881921768e-03,9.975677132606506348e-01
2.098159492015838623e-02,9.790184497833251953e-01
1.607328449608758092e-04,9.998391866683959961e-01
1.061692251823842525e-03,9.989382624626159668e-01
1.428087940439581871e-03,9.985718727111816406e-01
7.948459242470562458e-04,9.992051720619201660e-01
8.798966882750391960e-04,9.991200566291809082e-01
6.640968495048582554e-04,9.993358254432678223e-01
6.569070275872945786e-03,9.934309124946594238e-01
3.641225397586822510e-02,9.635878205299377441e-01
8.927758317440748215e-04,9.991071820259094238e-01
3.597659990191459656e-02,9.640234112739562988e-01
2.570267533883452415e-04,9.997429251670837402e-01
1.556622795760631561e-03,9.984434247016906738e-01
5.345172830857336521e-04,9.994655251502990723e-01
5.600642180070281029e-04,9.994398951530456543e-01
1.746139675378799438e-02,9.825385808944702148e-01
2.859303494915366173e-03,9.971407651901245117e-01
2.298803068697452545e-03,9.977012276649475098e-01
7.192714838311076164e-04,9.992807507514953613e-01
8.138061501085758209e-03,9.918619394302368164e-01
8.642540196888148785e-04,9.991357922554016113e-01
6.834597443230450153e-04,9.993165731430053711e-01
7.955354521982371807e-04,9.992044568061828613e-01
1.111956778913736343e-03,9.988880753517150879e-01
1.717401319183409214e-04,9.998282194137573242e-01
8.956544916145503521e-04,9.991043210029602051e-01
6.644998793490231037e-04,9.993354678153991699e-01
1.739588042255491018e-04,9.998260140419006348e-01
3.093873895704746246e-02,9.690612554550170898e-01
9.988270699977874756e-03,9.900117516517639160e-01
3.374124935362488031e-04,9.996626377105712891e-01
9.706041892059147358e-04,9.990293979644775391e-01
1.458442769944667816e-02,9.854155182838439941e-01
8.511775732040405273e-01,1.488223969936370850e-01
5.283829523250460625e-04,9.994716048240661621e-01
8.282455964945256710e-04,9.991717338562011719e-01
1.455791876651346684e-03,9.985442161560058594e-01
3.856145543977618217e-03,9.961438179016113281e-01
1.529711007606238127e-04,9.998470544815063477e-01
9.801093339920043945e-01,1.989061385393142700e-02
5.702516064047813416e-04,9.994297623634338379e-01
1.061526592820882797e-02,9.893847107887268066e-01
2.321126958122476935e-04,9.997678399085998535e-01
9.729560613632202148e-01,2.704397030174732208e-02
1.543928217142820358e-02,9.845607280731201172e-01
3.216465411242097616e-04,9.996783733367919922e-01
3.472850657999515533e-04,9.996527433395385742e-01
2.138869313057512045e-04,9.997860789299011230e-01
1.145158056169748306e-02,9.885483980178833008e-01
1.014340319670736790e-03,9.989855885505676270e-01
3.188496222719550133e-03,9.968114495277404785e-01
5.461848340928554535e-04,9.994538426399230957e-01
1.018249196931719780e-03,9.989817738533020020e-01
3.126960073132067919e-04,9.996873140335083008e-01
3.328734934329986572e-01,6.671264767646789551e-01
6.659135688096284866e-04,9.993340373039245605e-01
2.216841727495193481e-01,7.783158421516418457e-01
1.109626609832048416e-03,9.988903403282165527e-01
6.960263708606362343e-04,9.993039369583129883e-01
2.478700578212738037e-01,7.521299123764038086e-01
1.862690987763926387e-04,9.998137354850769043e-01
1.434892136603593826e-02,9.856510758399963379e-01
3.923381492495536804e-02,9.607661962509155273e-01
4.242064896970987320e-04,9.995757937431335449e-01
2.962216094601899385e-04,9.997037053108215332e-01
2.777215559035539627e-03,9.972227811813354492e-01
5.492579657584428787e-04,9.994507431983947754e-01
3.444444737397134304e-04,9.996556043624877930e-01
4.541111411526799202e-04,9.995458722114562988e-01
1.200961996801197529e-03,9.987989664077758789e-01
6.948062218725681305e-04,9.993051290512084961e-01
1.193557982333004475e-03,9.988064765930175781e-01
1.085447962395846844e-03,9.989145994186401367e-01
1.307275844737887383e-03,9.986926913261413574e-01
2.156184166669845581e-01,7.843815684318542480e-01
6.340900659561157227e-01,3.659099638462066650e-01
3.096238942816853523e-04,9.996904134750366211e-01
1.053362246602773666e-02,9.894663691520690918e-01
9.857865516096353531e-04,9.990141391754150391e-01
8.959298138506710529e-04,9.991040825843811035e-01
6.662744283676147461e-02,9.333724975585937500e-01
9.988270699977874756e-03,9.900117516517639160e-01
7.150608114898204803e-03,9.928493499755859375e-01
3.293550573289394379e-03,9.967064261436462402e-01
2.418792573735117912e-04,9.997580647468566895e-01
2.462189877405762672e-04,9.997537732124328613e-01
1.097547356039285660e-03,9.989024400711059570e-01
1.417843974195420742e-03,9.985821247100830078e-01
1.082841656170785427e-03,9.989172220230102539e-01
8.063821005634963512e-04,9.991936087608337402e-01
2.386763505637645721e-02,9.761323332786560059e-01
8.807669510133564472e-04,9.991192221641540527e-01
9.417947876499965787e-05,9.999058246612548828e-01
4.623353597708046436e-04,9.995377063751220703e-01
7.871231646277010441e-04,9.992128610610961914e-01
9.221160435117781162e-04,9.990779161453247070e-01
1.009302795864641666e-03,9.989907145500183105e-01
8.717262744903564453e-01,1.282737702131271362e-01
2.935258671641349792e-04,9.997064471244812012e-01
2.441412955522537231e-02,9.755858182907104492e-01
3.869724459946155548e-04,9.996131062507629395e-01
1.028220504522323608e-01,8.971778750419616699e-01
9.269726276397705078e-01,7.302735000848770142e-02
2.606246271170675755e-04,9.997393488883972168e-01
3.147646784782409668e-02,9.685235619544982910e-01
7.497472106479108334e-04,9.992502331733703613e-01
1.316843787208199501e-03,9.986831545829772949e-01
1.824731938540935516e-03,9.981752634048461914e-01
1.413152553141117096e-02,9.858684539794921875e-01
9.861494600772857666e-02,9.013850092887878418e-01
3.690000739879906178e-04,9.996309280395507812e-01
1.123426365666091442e-03,9.988765120506286621e-01
1.417281804606318474e-03,9.985827207565307617e-01
1.148708444088697433e-02,9.885129928588867188e-01
9.121890761889517307e-04,9.990878105163574219e-01
1.009787083603441715e-03,9.989902377128601074e-01
7.645132020115852356e-03,9.923548698425292969e-01
3.935377113521099091e-03,9.960646033287048340e-01
5.167064256966114044e-03,9.948328733444213867e-01
6.545312353409826756e-04,9.993454813957214355e-01
4.428107349667698145e-04,9.995571970939636230e-01
3.274530172348022461e-01,6.725469231605529785e-01
1.084416173398494720e-02,9.891558289527893066e-01
1.324106939136981964e-02,9.867588877677917480e-01
1.607250305823981762e-04,9.998393058776855469e-01
1.982195535674691200e-04,9.998018145561218262e-01
2.715687500312924385e-03,9.972842931747436523e-01
5.549588822759687901e-04,9.994450211524963379e-01
9.107392397709190845e-04,9.990892410278320312e-01
7.482539396733045578e-03,9.925174713134765625e-01
2.845011651515960693e-01,7.154988646507263184e-01
1.461289473809301853e-03,9.985387325286865234e-01
4.250294005032628775e-04,9.995749592781066895e-01
3.659683279693126678e-03,9.963403940200805664e-01
6.890466213226318359e-01,3.109533786773681641e-01
5.367320263758301735e-04,9.994632601737976074e-01
2.803411043714731932e-04,9.997196793556213379e-01
3.136007115244865417e-02,9.686399698257446289e-01
2.400282025337219238e-02,9.759972095489501953e-01
1.428087940439581871e-03,9.985718727111816406e-01
9.930756641551852226e-04,9.990069270133972168e-01
7.874606177210807800e-03,9.921254515647888184e-01
2.589893119875341654e-04,9.997410178184509277e-01
8.883127942681312561e-03,9.911168813705444336e-01
1.556622795760631561e-03,9.984434247016906738e-01
4.313390236347913742e-04,9.995686411857604980e-01
1.017157570458948612e-03,9.989828467369079590e-01
9.911204688251018524e-03,9.900888800621032715e-01
1.097512780688703060e-03,9.989024400711059570e-01
2.720878273248672485e-02,9.727911949157714844e-01
2.156073451042175293e-01,7.843926548957824707e-01
6.157923340797424316e-01,3.842076361179351807e-01
1.782633364200592041e-02,9.821736812591552734e-01
8.589692879468202591e-04,9.991409778594970703e-01
5.505105364136397839e-04,9.994494318962097168e-01
6.595194572582840919e-04,9.993404746055603027e-01
4.730367660522460938e-01,5.269631743431091309e-01
5.936849862337112427e-03,9.940631985664367676e-01
4.775999987032264471e-04,9.995224475860595703e-01
1.026616897433996201e-03,9.989733695983886719e-01
7.712941169738769531e-01,2.287058979272842407e-01
3.210701793432235718e-02,9.678929448127746582e-01
3.071360697504132986e-04,9.996929168701171875e-01
4.901424981653690338e-04,9.995098114013671875e-01
2.314562443643808365e-03,9.976854324340820312e-01
1.319674891419708729e-03,9.986802935600280762e-01
3.232044109608978033e-04,9.996768236160278320e-01
8.977268589660525322e-04,9.991023540496826172e-01
7.038981914520263672e-01,2.961018085479736328e-01
3.227216075174510479e-04,9.996773004531860352e-01
6.576590985059738159e-02,9.342340230941772461e-01
4.481190699152648449e-04,9.995518326759338379e-01
4.645116627216339111e-03,9.953548908233642578e-01
2.835161285474896431e-03,9.971647858619689941e-01
2.031536586582660675e-02,9.796845912933349609e-01
4.093307256698608398e-02,9.590668678283691406e-01
7.545049302279949188e-04,9.992455244064331055e-01
2.404071274213492870e-04,9.997596144676208496e-01
4.130216315388679504e-03,9.958698153495788574e-01
4.223276919219642878e-04,9.995777010917663574e-01
2.018877130467444658e-04,9.997981190681457520e-01
1.197381177917122841e-03,9.988026618957519531e-01
3.170399069786071777e-01,6.829601526260375977e-01
5.825499072670936584e-03,9.941745400428771973e-01
1.698438863968476653e-04,9.998301267623901367e-01
7.253635209053754807e-03,9.927464127540588379e-01
1.038023922592401505e-02,9.896197915077209473e-01
1.171001815237104893e-03,9.988289475440979004e-01
5.762518849223852158e-04,9.994237422943115234e-01
2.619067381601780653e-04,9.997380375862121582e-01
3.374501247890293598e-04,9.996625185012817383e-01
6.602825014851987362e-04,9.993396401405334473e-01
1.100086420774459839e-02,9.889991879463195801e-01
5.468073766678571701e-03,9.945318698883056641e-01
3.526427899487316608e-04,9.996473789215087891e-01
4.808891098946332932e-04,9.995191097259521484e-01
6.644403911195695400e-04,9.993355870246887207e-01
1.330630504526197910e-03,9.986693859100341797e-01
1.808250509202480316e-02,9.819175601005554199e-01
6.538513302803039551e-02,9.346148967742919922e-01
1.228090841323137283e-03,9.987718462944030762e-01
1.673438213765621185e-02,9.832656383514404297e-01
5.549588822759687901e-04,9.994450211524963379e-01
1.642941351747140288e-04,9.998357295989990234e-01
5.210064817219972610e-03,9.947899580001831055e-01
1.164799183607101440e-02,9.883520007133483887e-01
8.438387303613126278e-04,9.991561174392700195e-01
5.135166645050048828e-02,9.486483335494995117e-01
4.406218067742884159e-04,9.995593428611755371e-01
1.012214226648211479e-03,9.989877343177795410e-01
5.082941427826881409e-02,9.491705298423767090e-01
6.634912453591823578e-03,9.933651089668273926e-01
9.400317212566733360e-04,9.990599751472473145e-01
1.017157570458948612e-03,9.989828467369079590e-01
1.033285283483564854e-03,9.989666938781738281e-01
8.166554570198059082e-02,9.183344841003417969e-01
6.440574652515351772e-04,9.993559718132019043e-01
4.373681731522083282e-03,9.956263303756713867e-01
6.530538201332092285e-03,9.934694766998291016e-01
6.017133127897977829e-03,9.939828515052795410e-01
1.450109411962330341e-03,9.985498785972595215e-01
1.329724094830453396e-03,9.986703395843505859e-01
1.017480739392340183e-03,9.989824891090393066e-01
6.331447511911392212e-03,9.936686158180236816e-01
2.847708296030759811e-03,9.971522092819213867e-01
7.962893578223884106e-04,9.992037415504455566e-01
4.966742126271128654e-04,9.995033740997314453e-01
7.207631133496761322e-04,9.992792010307312012e-01
1.810722867958247662e-03,9.981892704963684082e-01
9.255736134946346283e-03,9.907442927360534668e-01
4.079257547855377197e-01,5.920742750167846680e-01
1.237057372927665710e-01,8.762942552566528320e-01
4.571335448417812586e-04,9.995429515838623047e-01
2.583871223032474518e-02,9.741612672805786133e-01
1.109092030674219131e-03,9.988909363746643066e-01
8.140768040902912617e-04,9.991858601570129395e-01
7.843953790143132210e-04,9.992156028747558594e-01
2.250611578347161412e-04,9.997749924659729004e-01
8.386371773667633533e-04,9.991613626480102539e-01
9.262209758162498474e-03,9.907378554344177246e-01
6.906790658831596375e-04,9.993093013763427734e-01
2.081991871818900108e-03,9.979180693626403809e-01
3.928794467356055975e-04,9.996071457862854004e-01
4.035859892610460520e-04,9.995964169502258301e-01
6.659628706984221935e-04,9.993340373039245605e-01
3.720746561884880066e-02,9.627925157546997070e-01
2.212893305113539100e-04,9.997786879539489746e-01
4.356831195764243603e-04,9.995643496513366699e-01
7.355996407568454742e-03,9.926440119743347168e-01
6.017942447215318680e-03,9.939820170402526855e-01
1.330630504526197910e-03,9.986693859100341797e-01
5.993403494358062744e-03,9.940066337585449219e-01
6.133137503638863564e-04,9.993866682052612305e-01
7.758519495837390423e-04,9.992241859436035156e-01
7.215719223022460938e-01,2.784280776977539062e-01
3.186812391504645348e-04,9.996813535690307617e-01
6.109980167821049690e-04,9.993889331817626953e-01
7.954991306178271770e-04,9.992045760154724121e-01
1.869871193775907159e-04,9.998130202293395996e-01
2.824697876349091530e-03,9.971753358840942383e-01
1.232920447364449501e-03,9.987671375274658203e-01
4.167108796536922455e-03,9.958328604698181152e-01
6.521405884996056557e-04,9.993478655815124512e-01
4.185161378700286150e-04,9.995815157890319824e-01
1.371864229440689087e-03,9.986281394958496094e-01
2.787590399384498596e-02,9.721241593360900879e-01
1.161753293126821518e-02,9.883825182914733887e-01
4.306279420852661133e-01,5.693721175193786621e-01
9.470719844102859497e-03,9.905292391777038574e-01
2.125735481968149543e-04,9.997873902320861816e-01
1.593810506165027618e-03,9.984062314033508301e-01
4.229704791214317083e-04,9.995769858360290527e-01
1.119337277486920357e-03,9.988806843757629395e-01
7.333348039537668228e-03,9.926666617393493652e-01
1.472214818932116032e-03,9.985277652740478516e-01
1.237636781297624111e-03,9.987623691558837891e-01
4.150709719397127628e-04,9.995849728584289551e-01
1.237636781297624111e-03,9.987623691558837891e-01
9.543356718495488167e-04,9.990456700325012207e-01
1.251133233308792114e-01,8.748866915702819824e-01
3.850008943118155003e-04,9.996149539947509766e-01
1.109092030674219131e-03,9.988909363746643066e-01
1.097512780688703060e-03,9.989024400711059570e-01
4.783365875482559204e-02,9.521663188934326172e-01
9.890506975352764130e-03,9.901095628738403320e-01
2.348135923966765404e-03,9.976518750190734863e-01
4.572812467813491821e-04,9.995427131652832031e-01
7.193979690782725811e-04,9.992806315422058105e-01
7.355015259236097336e-03,9.926450252532958984e-01
9.418824920430779457e-04,9.990580677986145020e-01
3.835969371721148491e-03,9.961640834808349609e-01
8.074139477685093880e-04,9.991925358772277832e-01
4.501713847275823355e-04,9.995498061180114746e-01
1.657868735492229462e-03,9.983421564102172852e-01
7.815956138074398041e-03,9.921841025352478027e-01
3.878504794556647539e-04,9.996121525764465332e-01
1.119337277486920357e-03,9.988806843757629395e-01
4.025008063763380051e-03,9.959749579429626465e-01
1.339818537235260010e-01,8.660181164741516113e-01
3.637436777353286743e-02,9.636256694793701172e-01
4.597833845764398575e-03,9.954020977020263672e-01
1.542946845293045044e-01,8.457052707672119141e-01
1.138540059328079224e-01,8.861460089683532715e-01
9.328390005975961685e-04,9.990671277046203613e-01
8.554912637919187546e-04,9.991444349288940430e-01
2.303618704900145531e-03,9.976963400840759277e-01
3.938728768844157457e-04,9.996061921119689941e-01
5.242975894361734390e-03,9.947570562362670898e-01
3.701721318066120148e-03,9.962982535362243652e-01
1.209319569170475006e-03,9.987906813621520996e-01
8.094843360595405102e-04,9.991905093193054199e-01
1.159337116405367851e-04,9.998840093612670898e-01
4.413440823554992676e-02,9.558656215667724609e-01
1.219326863065361977e-03,9.987806677818298340e-01
1.622209101915359497e-01,8.377790451049804688e-01
5.683839786797761917e-03,9.943161606788635254e-01
8.460778626613318920e-04,9.991539716720581055e-01
4.395650466904044151e-04,9.995604157447814941e-01
5.258965771645307541e-03,9.947409629821777344e-01
1.586369820870459080e-03,9.984135627746582031e-01
1.097573619335889816e-02,9.890242815017700195e-01
4.686792939901351929e-02,9.531320929527282715e-01
1.872629654826596379e-04,9.998127818107604980e-01
8.448568987660109997e-04,9.991551637649536133e-01
2.068376243114471436e-01,7.931624054908752441e-01
2.936456538736820221e-02,9.706354141235351562e-01
4.612685297615826130e-04,9.995387792587280273e-01
1.311012357473373413e-02,9.868898391723632812e-01
1.529966131784021854e-03,9.984700083732604980e-01
5.116294138133525848e-03,9.948837161064147949e-01
6.513628759421408176e-04,9.993485808372497559e-01
1.093482482247054577e-03,9.989064931869506836e-01
3.043567994609475136e-03,9.969564676284790039e-01
7.338518649339675903e-02,9.266148209571838379e-01
9.082696586847305298e-02,9.091730713844299316e-01
1.032990366220474243e-01,8.967009782791137695e-01
6.378638790920376778e-04,9.993621706962585449e-01
1.251397188752889633e-02,9.874860644340515137e-01
2.959565608762204647e-04,9.997040629386901855e-01
3.996277519036084414e-04,9.996003508567810059e-01
1.442616572603583336e-03,9.985573887825012207e-01
7.597169023938477039e-04,9.992402791976928711e-01
7.045140955597162247e-04,9.992954730987548828e-01
2.177129033952951431e-03,9.978228807449340820e-01
1.134913181886076927e-03,9.988651275634765625e-01
2.127217203378677368e-01,7.872782945632934570e-01
7.339004660025238991e-04,9.992660880088806152e-01
8.024681592360138893e-04,9.991975426673889160e-01
2.678767079487442970e-03,9.973213076591491699e-01
1.315832603722810745e-03,9.986841082572937012e-01
1.659530797041952610e-03,9.983404874801635742e-01
2.369319088757038116e-02,9.763068556785583496e-01
4.181135911494493484e-03,9.958189129829406738e-01
7.842490449547767639e-03,9.921574592590332031e-01
1.900735427625477314e-03,9.980992674827575684e-01
5.673459963873028755e-04,9.994326233863830566e-01
1.017157570458948612e-03,9.989828467369079590e-01
8.635593112558126450e-04,9.991365075111389160e-01
1.324930926784873009e-03,9.986750483512878418e-01
8.751162094995379448e-04,9.991249442100524902e-01
7.098276633769273758e-03,9.929017424583435059e-01
1.561571955680847168e-01,8.438428640365600586e-01
4.098072275519371033e-02,9.590193033218383789e-01
5.545755848288536072e-04,9.994453787803649902e-01
4.735350958071649075e-04,9.995265007019042969e-01
3.426415845751762390e-03,9.965735673904418945e-01
1.437869966030120850e-01,8.562129735946655273e-01
4.000060434918850660e-04,9.995999932289123535e-01
4.425121587701141834e-04,9.995574355125427246e-01
1.125995186157524586e-03,9.988740086555480957e-01
1.104895956814289093e-03,9.988951086997985840e-01
1.805613338947296143e-01,8.194386959075927734e-01
1.040717004798352718e-03,9.989593029022216797e-01
1.463218033313751221e-01,8.536781668663024902e-01
1.560220844112336636e-04,9.998439550399780273e-01
2.987007843330502510e-03,9.970129728317260742e-01
1.118067884817719460e-03,9.988818764686584473e-01
9.850843343883752823e-04,9.990148544311523438e-01
1.307503203861415386e-03,9.986925721168518066e-01
2.448957879096269608e-03,9.975510239601135254e-01
1.025197678245604038e-03,9.989748001098632812e-01
1.559286657720804214e-02,9.844071865081787109e-01
2.027099020779132843e-03,9.979729056358337402e-01
1.666091149672865868e-03,9.983338713645935059e-01
1.830629631876945496e-02,9.816936850547790527e-01
7.691158913075923920e-03,9.923088550567626953e-01
1.472214818932116032e-03,9.985277652740478516e-01
1.605657045729458332e-03,9.983943104743957520e-01
5.478293169289827347e-04,9.994521737098693848e-01
7.752377423457801342e-04,9.992247819900512695e-01
1.354832947254180908e-01,8.645167350769042969e-01
1.220427919179201126e-03,9.987795948982238770e-01
1.025197678245604038e-03,9.989748001098632812e-01
2.836044295690953732e-04,9.997163414955139160e-01
1.995296450331807137e-03,9.980047345161437988e-01
5.598575342446565628e-03,9.944013953208923340e-01
2.202129922807216644e-02,9.779786467552185059e-01
4.443120677024126053e-03,9.955568909645080566e-01
8.635593112558126450e-04,9.991365075111389160e-01
8.276649168692529202e-04,9.991723299026489258e-01
2.288860501721501350e-03,9.977111816406250000e-01
1.919367117807269096e-03,9.980806112289428711e-01
5.868713487870991230e-04,9.994131326675415039e-01
5.225858837366104126e-02,9.477413892745971680e-01
7.845736690796911716e-04,9.992153644561767578e-01
8.281682967208325863e-04,9.991718530654907227e-01
1.562875841045752168e-04,9.998437166213989258e-01
3.377126296982169151e-03,9.966229200363159180e-01
1.146514317952096462e-03,9.988534450531005859e-01
7.963700918480753899e-04,9.992036223411560059e-01
1.166643574833869934e-01,8.833357095718383789e-01
1.349846832454204559e-03,9.986501336097717285e-01
1.742149330675601959e-02,9.825785160064697266e-01
5.256193224340677261e-03,9.947438240051269531e-01
4.539931658655405045e-03,9.954600930213928223e-01
1.357176457531750202e-03,9.986428618431091309e-01
7.739619468338787556e-04,9.992260932922363281e-01
1.128848120570182800e-01,8.871151804924011230e-01
2.031332813203334808e-02,9.796866178512573242e-01
6.896312697790563107e-04,9.993103742599487305e-01
6.802760995924472809e-03,9.931972026824951172e-01
1.773920655250549316e-02,9.822607636451721191e-01
6.142877973616123199e-04,9.993857145309448242e-01
5.134724196977913380e-04,9.994864463806152344e-01
6.240839138627052307e-04,9.993759989738464355e-01
5.114367813803255558e-04,9.994885921478271484e-01
6.093418342061340809e-04,9.993906021118164062e-01
4.796712193638086319e-03,9.952032566070556641e-01
1.289373077452182770e-02,9.871063232421875000e-01
4.362649470567703247e-02,9.563734531402587891e-01
3.571304725483059883e-03,9.964286684989929199e-01
8.635593112558126450e-04,9.991365075111389160e-01
1.329724094830453396e-03,9.986703395843505859e-01
1.750025199726223946e-03,9.982499480247497559e-01
1.110897632315754890e-03,9.988891482353210449e-01
3.011969965882599354e-04,9.996988773345947266e-01
8.353139273822307587e-04,9.991647005081176758e-01
1.077214255928993225e-02,9.892278909683227539e-01
1.963976919651031494e-01,8.036023378372192383e-01
7.638078182935714722e-02,9.236192107200622559e-01
1.080766669474542141e-03,9.989192485809326172e-01
3.863255551550537348e-04,9.996137022972106934e-01
1.330630504526197910e-03,9.986693859100341797e-01
4.347616049926728010e-04,9.995651841163635254e-01
8.314766455441713333e-04,9.991685152053833008e-01
8.333268342539668083e-04,9.991667270660400391e-01
2.314795739948749542e-03,9.976851940155029297e-01
1.641224920749664307e-01,8.358774781227111816e-01
3.021665103733539581e-02,9.697834253311157227e-01
1.756613375619053841e-03,9.982434511184692383e-01
1.624957891181111336e-03,9.983750581741333008e-01
4.645702894777059555e-03,9.953542947769165039e-01
1.493754535913467407e-01,8.506246209144592285e-01
2.919138642027974129e-03,9.970808625221252441e-01
1.017157570458948612e-03,9.989828467369079590e-01
1.472214818932116032e-03,9.985277652740478516e-01
7.415500585921108723e-04,9.992584586143493652e-01
1.106068938970565796e-01,8.893930912017822266e-01
2.835173800121992826e-04,9.997164607048034668e-01
6.747487932443618774e-04,9.993252754211425781e-01
1.829692535102367401e-02,9.817031025886535645e-01
2.178347931476309896e-04,9.997821450233459473e-01
5.291266134008765221e-04,9.994708895683288574e-01
6.103844195604324341e-02,9.389615058898925781e-01
1.250254688784480095e-03,9.987497329711914062e-01
2.242714166641235352e-03,9.977572560310363770e-01
2.748155267909169197e-03,9.972518086433410645e-01
1.472214818932116032e-03,9.985277652740478516e-01
1.379595021717250347e-03,9.986203908920288086e-01
2.176680043339729309e-02,9.782332181930541992e-01
7.174952770583331585e-04,9.992825388908386230e-01
4.273038357496261597e-04,9.995726943016052246e-01
6.855501560494303703e-04,9.993144273757934570e-01
1.044255681335926056e-03,9.989557266235351562e-01
1.002610777504742146e-03,9.989973902702331543e-01
1.605657045729458332e-03,9.983943104743957520e-01
5.463381530717015266e-04,9.994536042213439941e-01
1.071629524230957031e-01,8.928371071815490723e-01
1.203381922096014023e-02,9.879661202430725098e-01
3.290520107839256525e-04,9.996709823608398438e-01
1.017631310969591141e-02,9.898236393928527832e-01
1.168530993163585663e-02,9.883147478103637695e-01
9.510420495644211769e-04,9.990488886833190918e-01
1.109092030674219131e-03,9.988909363746643066e-01
1.219326863065361977e-03,9.987806677818298340e-01
1.228123204782605171e-03,9.987718462944030762e-01
1.333618303760886192e-03,9.986664056777954102e-01
1.134913181886076927e-03,9.988651275634765625e-01
1.339484588243067265e-03,9.986605644226074219e-01
1.795908086933195591e-03,9.982041120529174805e-01
1.424538670107722282e-03,9.985754489898681641e-01
3.141745692119002342e-04,9.996858835220336914e-01
5.673459963873028755e-04,9.994326233863830566e-01
8.475052891299128532e-04,9.991525411605834961e-01
1.207805704325437546e-03,9.987922310829162598e-01
6.434605456888675690e-04,9.993565678596496582e-01
9.832255309447646141e-04,9.990167617797851562e-01
1.146514317952096462e-03,9.988534450531005859e-01
9.988615056499838829e-04,9.990012049674987793e-01
1.997326500713825226e-02,9.800266623497009277e-01
8.367347531020641327e-03,9.916326403617858887e-01
5.202340544201433659e-04,9.994798302650451660e-01
1.640470465645194054e-03,9.983595013618469238e-01
4.201549105346202850e-03,9.957984089851379395e-01
3.409402444958686829e-03,9.965906143188476562e-01
4.922888474538922310e-04,9.995076656341552734e-01
3.758733510039746761e-04,9.996241331100463867e-01
9.898683056235313416e-04,9.990100860595703125e-01
1.192824682220816612e-03,9.988071918487548828e-01
2.554331207647919655e-03,9.974457025527954102e-01
1.146514317952096462e-03,9.988534450531005859e-01
3.809014800935983658e-03,9.961909055709838867e-01
6.870698183774948120e-02,9.312930107116699219e-01
9.097721427679061890e-02,9.090228080749511719e-01
6.811158964410424232e-04,9.993188381195068359e-01
1.250254688784480095e-03,9.987497329711914062e-01
5.878726765513420105e-02,9.412127137184143066e-01
1.763594336807727814e-02,9.823640584945678711e-01
5.723967915400862694e-04,9.994276165962219238e-01
1.410895958542823792e-03,9.985890984535217285e-01
4.791659303009510040e-03,9.952083230018615723e-01
4.717787262052297592e-03,9.952822327613830566e-01
3.442961256951093674e-03,9.965571165084838867e-01
1.617231988348066807e-03,9.983828067779541016e-01
1.311825122684240341e-02,9.868817329406738281e-01
7.061278820037841797e-02,9.293872117996215820e-01
8.180206269025802612e-02,9.181979894638061523e-01
3.126326715573668480e-03,9.968736171722412109e-01
4.976291093043982983e-04,9.995024204254150391e-01
1.749896258115768433e-02,9.825010895729064941e-01
2.024756278842687607e-03,9.979752898216247559e-01
1.363374176435172558e-03,9.986366629600524902e-01
4.665272310376167297e-02,9.533473253250122070e-01
9.640014613978564739e-04,9.990360736846923828e-01
5.463428096845746040e-04,9.994536042213439941e-01
1.921809627674520016e-03,9.980782270431518555e-01
8.413642062805593014e-04,9.991586208343505859e-01
7.378760725259780884e-03,9.926211833953857422e-01
9.351742337457835674e-04,9.990648627281188965e-01
5.496743251569569111e-04,9.994502663612365723e-01
5.509205511771142483e-04,9.994490742683410645e-01
7.656810921616852283e-04,9.992343187332153320e-01
3.395864972844719887e-03,9.966040849685668945e-01
2.643245039507746696e-03,9.973567724227905273e-01
4.389035166241228580e-04,9.995611310005187988e-01
5.036119837313890457e-04,9.994963407516479492e-01
3.265578125137835741e-04,9.996734857559204102e-01
5.815022159367799759e-04,9.994184970855712891e-01
1.952822133898735046e-02,9.804717898368835449e-01
8.195479400455951691e-03,9.918044805526733398e-01
5.645665805786848068e-04,9.994353652000427246e-01
2.547787153162062168e-04,9.997451901435852051e-01
6.644580280408263206e-04,9.993354678153991699e-01
2.489424310624599457e-03,9.975105524063110352e-01
7.700384594500064850e-04,9.992299079895019531e-01
3.312246408313512802e-04,9.996688365936279297e-01
6.278409273363649845e-04,9.993721842765808105e-01
4.542323586065322161e-04,9.995457530021667480e-01
5.622679018415510654e-04,9.994377493858337402e-01
1.250254688784480095e-03,9.987497329711914062e-01
8.840939844958484173e-04,9.991158843040466309e-01
1.483288011513650417e-03,9.985167384147644043e-01
2.125268336385488510e-03,9.978747367858886719e-01
4.593214020133018494e-02,9.540678262710571289e-01
1.237636781297624111e-03,9.987623691558837891e-01
7.358434959314763546e-04,9.992641806602478027e-01
1.146514317952096462e-03,9.988534450531005859e-01
6.282042013481259346e-04,9.993718266487121582e-01
4.781550378538668156e-04,9.995218515396118164e-01
3.395506646484136581e-04,9.996604919433593750e-01
9.179356275126338005e-04,9.990820884704589844e-01
1.624356955289840698e-03,9.983756542205810547e-01
1.615358982235193253e-03,9.983845949172973633e-01
7.957643829286098480e-04,9.992042183876037598e-01
1.226123049855232239e-02,9.877388477325439453e-01
5.303956940770149231e-02,9.469603896141052246e-01
3.826240077614784241e-02,9.617375731468200684e-01
1.605657045729458332e-03,9.983943104743957520e-01
1.929765916429460049e-03,9.980702996253967285e-01
2.164623467251658440e-03,9.978353381156921387e-01
2.160603739321231842e-02,9.783939719200134277e-01
9.480940061621367931e-04,9.990518689155578613e-01
3.919471055269241333e-03,9.960805773735046387e-01
1.605657045729458332e-03,9.983943104743957520e-01
5.732015124522149563e-04,9.994268417358398438e-01
2.914123004302382469e-03,9.970858693122863770e-01
3.426491096615791321e-02,9.657351374626159668e-01
8.460504468530416489e-04,9.991539716720581055e-01
6.504841148853302002e-04,9.993495345115661621e-01
1.114397775381803513e-03,9.988855719566345215e-01
6.076807156205177307e-03,9.939231276512145996e-01
8.136538672260940075e-04,9.991863369941711426e-01
8.124293526634573936e-04,9.991875290870666504e-01
1.486708642914891243e-03,9.985132813453674316e-01
5.773550830781459808e-03,9.942264556884765625e-01
1.852248050272464752e-02,9.814775586128234863e-01
1.363374176435172558e-03,9.986366629600524902e-01
2.964244922623038292e-03,9.970357418060302734e-01
6.570728728547692299e-04,9.993428587913513184e-01
6.723418831825256348e-03,9.932765960693359375e-01
1.363374176435172558e-03,9.986366629600524902e-01
1.256083138287067413e-03,9.987439513206481934e-01
7.233253680169582367e-03,9.927667379379272461e-01
2.725696749985218048e-02,9.727430343627929688e-01
5.568923894315958023e-03,9.944310784339904785e-01
7.618941832333803177e-03,9.923810362815856934e-01
4.668362904340028763e-03,9.953315854072570801e-01
1.194969634525477886e-03,9.988050460815429688e-01
3.979968838393688202e-03,9.960200190544128418e-01
8.840939844958484173e-04,9.991158843040466309e-01
6.784509751014411449e-04,9.993215799331665039e-01
3.744828281924128532e-03,9.962551593780517578e-01
5.051658023148775101e-03,9.949482679367065430e-01
9.484714828431606293e-03,9.905153512954711914e-01
1.488155685365200043e-02,9.851185083389282227e-01
4.792227968573570251e-02,9.520776867866516113e-01
8.248066296800971031e-04,9.991751313209533691e-01
6.594005506485700607e-03,9.934059381484985352e-01
4.968219436705112457e-03,9.950317144393920898e-01
5.793728632852435112e-04,9.994206428527832031e-01
3.213201416656374931e-04,9.996787309646606445e-01
4.265267343726009130e-04,9.995735287666320801e-01
8.664390188641846180e-04,9.991335272789001465e-01
5.612681852653622627e-04,9.994387030601501465e-01
2.282884437590837479e-03,9.977171421051025391e-01
5.519519560039043427e-03,9.944804906845092773e-01
1.472214818932116032e-03,9.985277652740478516e-01
8.248066296800971031e-04,9.991751313209533691e-01
4.451095301192253828e-04,9.995548129081726074e-01
4.434358852449804544e-04,9.995566010475158691e-01
2.182275056838989258e-04,9.997817873954772949e-01
7.575661293230950832e-04,9.992424249649047852e-01
6.665361579507589340e-04,9.993334412574768066e-01
5.732015124522149563e-04,9.994268417358398438e-01
5.005123675800859928e-04,9.994994401931762695e-01
9.033207898028194904e-04,9.990967512130737305e-01
3.556726500391960144e-03,9.964433312416076660e-01
3.767331829294562340e-03,9.962326884269714355e-01
1.360055874101817608e-03,9.986398816108703613e-01
2.672736300155520439e-03,9.973272085189819336e-01
3.838181146420538425e-04,9.996161460876464844e-01
2.646853972692042589e-04,9.997352957725524902e-01
7.052856963127851486e-03,9.929471015930175781e-01
3.989416291005909443e-04,9.996010661125183105e-01
5.654508131556212902e-04,9.994345307350158691e-01
1.043961150571703911e-03,9.989559650421142578e-01
8.751162094995379448e-04,9.991249442100524902e-01
2.250353340059518814e-03,9.977496266365051270e-01
6.445032544434070587e-03,9.935548901557922363e-01
3.079601097851991653e-03,9.969204664230346680e-01
9.487578645348548889e-04,9.990512728691101074e-01
2.893575001507997513e-04,9.997106194496154785e-01
7.007358944974839687e-04,9.992992877960205078e-01
1.146514317952096462e-03,9.988534450531005859e-01
1.233811373822391033e-03,9.987661838531494141e-01
5.698155146092176437e-04,9.994301199913024902e-01
1.537495385855436325e-02,9.846251010894775391e-01
1.761196367442607880e-02,9.823880791664123535e-01
9.366773068904876709e-03,9.906332492828369141e-01
5.369236459955573082e-04,9.994631409645080566e-01
8.804186247289180756e-03,9.911957979202270508e-01
2.478492818772792816e-02,9.752150774002075195e-01
1.472214818932116032e-03,9.985277652740478516e-01
1.486708642914891243e-03,9.985132813453674316e-01
9.237072081305086613e-04,9.990762472152709961e-01
2.869902644306421280e-03,9.971300959587097168e-01
2.565403003245592117e-03,9.974345564842224121e-01
1.349846832454204559e-03,9.986501336097717285e-01
7.373157422989606857e-04,9.992626309394836426e-01
2.161334501579403877e-03,9.978386759757995605e-01
1.349846832454204559e-03,9.986501336097717285e-01
9.028917411342263222e-04,9.990971088409423828e-01
2.469834871590137482e-03,9.975301623344421387e-01
4.657917190343141556e-03,9.953421354293823242e-01
1.406498346477746964e-02,9.859349727630615234e-01
1.956014428287744522e-03,9.980440139770507812e-01
1.348455203697085381e-03,9.986515641212463379e-01
7.103466428816318512e-03,9.928964972496032715e-01
2.081497199833393097e-02,9.791850447654724121e-01
5.967754404991865158e-04,9.994032382965087891e-01
9.282381273806095123e-03,9.907175898551940918e-01
2.216830849647521973e-03,9.977832436561584473e-01
1.095481216907501221e-03,9.989044666290283203e-01
2.327127847820520401e-03,9.976728558540344238e-01
1.200934057123959064e-03,9.987990856170654297e-01
1.697176048764958978e-04,9.998302459716796875e-01
2.703058766201138496e-03,9.972969889640808105e-01
7.019533077254891396e-04,9.992979764938354492e-01
9.237072081305086613e-04,9.990762472152709961e-01
9.673443855717778206e-04,9.990326166152954102e-01
3.224150277674198151e-04,9.996776580810546875e-01
1.839342876337468624e-03,9.981606602668762207e-01
6.830614875070750713e-04,9.993169307708740234e-01
1.514671719633042812e-03,9.984853863716125488e-01
1.632674713619053364e-03,9.983673691749572754e-01
1.011150074191391468e-03,9.989888072013854980e-01
1.633194740861654282e-03,9.983667731285095215e-01
8.069762843661010265e-04,9.991930127143859863e-01
2.466249512508511543e-03,9.975336790084838867e-01
2.093360526487231255e-03,9.979066848754882812e-01
3.314982168376445770e-04,9.996684789657592773e-01
3.747544833458960056e-04,9.996252059936523438e-01
6.960429251194000244e-03,9.930395483970642090e-01
5.606444086879491806e-03,9.943935871124267578e-01
5.007688887417316437e-04,9.994992017745971680e-01
1.596855348907411098e-03,9.984031319618225098e-01
2.217482542619109154e-03,9.977825284004211426e-01
8.072513155639171600e-04,9.991927742958068848e-01
4.958140198141336441e-04,9.995042085647583008e-01
5.129069322720170021e-04,9.994870424270629883e-01
1.832791138440370560e-03,9.981671571731567383e-01
6.747487932443618774e-04,9.993252754211425781e-01
1.963074551895260811e-03,9.980369210243225098e-01
2.968318993225693703e-03,9.970316886901855469e-01
2.727364189922809601e-03,9.972726702690124512e-01
1.957144588232040405e-03,9.980428218841552734e-01
3.637996269389986992e-03,9.963620305061340332e-01
5.632750107906758785e-04,9.994366765022277832e-01
1.444836962036788464e-04,9.998555183410644531e-01
5.118686240166425705e-04,9.994881153106689453e-01
2.226136811077594757e-02,9.777386188507080078e-01
8.024681592360138893e-04,9.991975426673889160e-01
1.629101810976862907e-03,9.983709454536437988e-01
8.998060948215425014e-04,9.991002082824707031e-01
1.339689479209482670e-04,9.998660087585449219e-01
4.030592681374400854e-04,9.995970129966735840e-01
1.594211091287434101e-03,9.984057545661926270e-01
2.716106362640857697e-03,9.972839355468750000e-01
6.697030272334814072e-03,9.933029413223266602e-01
3.514928685035556555e-04,9.996484518051147461e-01
5.868498235940933228e-03,9.941315054893493652e-01
2.127436921000480652e-03,9.978725910186767578e-01
4.819675523322075605e-04,9.995180368423461914e-01
1.895792782306671143e-03,9.981042146682739258e-01
2.934666117653250694e-04,9.997065663337707520e-01
1.754227996570989490e-04,9.998245835304260254e-01
1.147384537034668028e-04,9.998852014541625977e-01
2.436994400341063738e-04,9.997562766075134277e-01
6.008375785313546658e-04,9.993991851806640625e-01
1.954747363924980164e-02,9.804525375366210938e-01
1.457562670111656189e-03,9.985424280166625977e-01
5.011920351535081863e-03,9.949880838394165039e-01
2.281566121382638812e-04,9.997718930244445801e-01
1.836861047195270658e-04,9.998163580894470215e-01
4.572816833388060331e-04,9.995427131652832031e-01
2.557987114414572716e-03,9.974420070648193359e-01
4.151302389800548553e-03,9.958486557006835938e-01
8.802334195934236050e-04,9.991198182106018066e-01
8.145083556883037090e-04,9.991855025291442871e-01
1.360055874101817608e-03,9.986398816108703613e-01
1.757709076628088951e-03,9.982422590255737305e-01
1.596394693478941917e-03,9.984036087989807129e-01
2.323173452168703079e-03,9.976767897605895996e-01
4.338081460446119308e-03,9.956619143486022949e-01
8.652640506625175476e-03,9.913473725318908691e-01
4.430895671248435974e-03,9.955691695213317871e-01
2.762499265372753143e-03,9.972374439239501953e-01
1.605657045729458332e-03,9.983943104743957520e-01
1.134913181886076927e-03,9.988651275634765625e-01
1.040717004798352718e-03,9.989593029022216797e-01
2.501972718164324760e-03,9.974979758262634277e-01
1.312771462835371494e-03,9.986872076988220215e-01
7.127945777028799057e-03,9.928720593452453613e-01
2.545691095292568207e-03,9.974543452262878418e-01
1.420490210875868797e-03,9.985795021057128906e-01
2.588584611658006907e-04,9.997411370277404785e-01
4.453848232515156269e-04,9.995545744895935059e-01
1.071817008778452873e-03,9.989281296730041504e-01
2.109190681949257851e-03,9.978907704353332520e-01
5.039671086706221104e-04,9.994959831237792969e-01
5.420042201876640320e-03,9.945800304412841797e-01
1.947113079950213432e-03,9.980529546737670898e-01
2.942948369309306145e-03,9.970570802688598633e-01
4.473427310585975647e-03,9.955266118049621582e-01
1.626698358450084925e-04,9.998372793197631836e-01
3.054212313145399094e-03,9.969457983970642090e-01
8.506649173796176910e-04,9.991493225097656250e-01
1.321586780250072479e-02,9.867841005325317383e-01
2.236815169453620911e-03,9.977631568908691406e-01
3.059682436287403107e-03,9.969403743743896484e-01
1.178113045170903206e-03,9.988219141960144043e-01
3.441277076490223408e-04,9.996558427810668945e-01
1.245011691935360432e-03,9.987549781799316406e-01
9.421863942407071590e-04,9.990578293800354004e-01
7.814566488377749920e-04,9.992185831069946289e-01
1.005076058208942413e-02,9.899492263793945312e-01
1.192067167721688747e-03,9.988079071044921875e-01
1.193650532513856888e-03,9.988063573837280273e-01
7.861501071602106094e-04,9.992138147354125977e-01
1.184387132525444031e-03,9.988156557083129883e-01
1.483316882513463497e-04,9.998517036437988281e-01
7.399970199912786484e-04,9.992600083351135254e-01
1.471760310232639313e-02,9.852824211120605469e-01
3.694955725222826004e-03,9.963051080703735352e-01
2.545691095292568207e-03,9.974543452262878418e-01
1.483030966483056545e-03,9.985169768333435059e-01
5.736663588322699070e-04,9.994263648986816406e-01
4.467757244128733873e-04,9.995531439781188965e-01
8.594199898652732372e-04,9.991405010223388672e-01
9.319515665993094444e-04,9.990680813789367676e-01
5.735072772949934006e-03,9.942649006843566895e-01
3.059682436287403107e-03,9.969403743743896484e-01
7.197641534730792046e-04,9.992802739143371582e-01
1.446366310119628906e-03,9.985535740852355957e-01
2.325180685147643089e-03,9.976748824119567871e-01
1.601302763447165489e-03,9.983987212181091309e-01
4.770319210365414619e-04,9.995229244232177734e-01
7.096288609318435192e-04,9.992903470993041992e-01
3.314982168376445770e-04,9.996684789657592773e-01
5.651679239235818386e-04,9.994347691535949707e-01
1.078585046343505383e-03,9.989213943481445312e-01
5.272369016893208027e-04,9.994727969169616699e-01
7.143816328607499599e-04,9.992856383323669434e-01
4.354034608695656061e-04,9.995645880699157715e-01
2.412658417597413063e-03,9.975873231887817383e-01
2.849889220669865608e-03,9.971501231193542480e-01
1.383821130730211735e-03,9.986162185668945312e-01
3.421681758482009172e-04,9.996578693389892578e-01
5.359708331525325775e-03,9.946402907371520996e-01
1.475245342589914799e-03,9.985247254371643066e-01
6.532117258757352829e-04,9.993467926979064941e-01
1.925740973092615604e-03,9.980742931365966797e-01
1.789676956832408905e-03,9.982103109359741211e-01
1.718642306514084339e-03,9.982813596725463867e-01
1.397207030095160007e-03,9.986028075218200684e-01
3.005817299708724022e-03,9.969941377639770508e-01
1.224998966790735722e-03,9.987749457359313965e-01
8.314528968185186386e-04,9.991685152053833008e-01
6.251027225516736507e-04,9.993749260902404785e-01
5.699635948985815048e-04,9.994300007820129395e-01
8.067318703979253769e-04,9.991932511329650879e-01
6.962741026654839516e-04,9.993036985397338867e-01
7.955844048410654068e-04,9.992044568061828613e-01
1.029748935252428055e-03,9.989702701568603516e-01
5.601979210041463375e-04,9.994397759437561035e-01
8.166598854586482048e-04,9.991833567619323730e-01
2.440229989588260651e-03,9.975597858428955078e-01
8.543647127225995064e-04,9.991456270217895508e-01
8.150231442414224148e-04,9.991850256919860840e-01
2.625232446007430553e-04,9.997374415397644043e-01
1.210165116935968399e-02,9.878982901573181152e-01
3.286052960902452469e-04,9.996714591979980469e-01
4.787977086380124092e-04,9.995212554931640625e-01
2.332501317141577601e-04,9.997667670249938965e-01
7.733404054306447506e-04,9.992266893386840820e-01
5.245921202003955841e-03,9.947540760040283203e-01
5.068097962066531181e-04,9.994931221008300781e-01
3.144811489619314671e-04,9.996855258941650391e-01
1.215392025187611580e-03,9.987846016883850098e-01
2.420749224256724119e-04,9.997579455375671387e-01
5.655549466609954834e-03,9.943444728851318359e-01
2.671717433258891106e-03,9.973282814025878906e-01
2.517813583835959435e-03,9.974822402000427246e-01
6.298167863860726357e-04,9.993701577186584473e-01
2.349795307964086533e-03,9.976502060890197754e-01
1.095442101359367371e-03,9.989045858383178711e-01
1.616038382053375244e-03,9.983839988708496094e-01
3.979547414928674698e-03,9.960204958915710449e-01
8.891641627997159958e-04,9.991108775138854980e-01
8.617542684078216553e-03,9.913824200630187988e-01
1.757709076628088951e-03,9.982422590255737305e-01
1.738686230964958668e-03,9.982612729072570801e-01
3.972951322793960571e-03,9.960271120071411133e-01
1.261179917491972446e-03,9.987388253211975098e-01
4.956639604642987251e-04,9.995043277740478516e-01
3.340559545904397964e-03,9.966593980789184570e-01
9.016713593155145645e-04,9.990983009338378906e-01
1.051361439749598503e-03,9.989486336708068848e-01
2.012428594753146172e-03,9.979875087738037109e-01
6.918689701706171036e-03,9.930812716484069824e-01
9.641126380302011967e-04,9.990359544754028320e-01
3.643107367679476738e-03,9.963569045066833496e-01
4.817841574549674988e-03,9.951820969581604004e-01
1.244633342139422894e-03,9.987553358078002930e-01
1.561782264616340399e-04,9.998438358306884766e-01
4.923695814795792103e-04,9.995076656341552734e-01
2.643570536747574806e-03,9.973564147949218750e-01
3.357800596859306097e-04,9.996641874313354492e-01
5.707871168851852417e-04,9.994291663169860840e-01
4.337588325142860413e-04,9.995662569999694824e-01
3.277855226770043373e-03,9.967221617698669434e-01
1.288444502279162407e-03,9.987115859985351562e-01
7.197641534730792046e-04,9.992802739143371582e-01
6.646810215897858143e-04,9.993353486061096191e-01
4.862616769969463348e-04,9.995137453079223633e-01
7.070549181662499905e-04,9.992929697036743164e-01
1.132247224450111389e-02,9.886774420738220215e-01
4.824039060622453690e-03,9.951759576797485352e-01
1.287168823182582855e-03,9.987128973007202148e-01
1.589510357007384300e-03,9.984104633331298828e-01
5.034166853874921799e-03,9.949658513069152832e-01
3.300754353404045105e-03,9.966992735862731934e-01
2.125005470588803291e-03,9.978749752044677734e-01
8.075698278844356537e-04,9.991924166679382324e-01
4.419472825247794390e-04,9.995580315589904785e-01
9.107392397709190845e-04,9.990892410278320312e-01
9.775124490261077881e-04,9.990224838256835938e-01
3.154071455355733633e-04,9.996845722198486328e-01
8.208014187403023243e-04,9.991791844367980957e-01
4.540786612778902054e-04,9.995458722114562988e-01
1.508733257651329041e-03,9.984912872314453125e-01
1.308412523940205574e-03,9.986916184425354004e-01
3.156721359118819237e-03,9.968433380126953125e-01
8.889161836123093963e-05,9.999110698699951172e-01
8.588662021793425083e-04,9.991410970687866211e-01
4.852566053159534931e-04,9.995146989822387695e-01
7.749081123620271683e-03,9.922508597373962402e-01
9.604911319911479950e-03,9.903951287269592285e-01
8.778471383266150951e-04,9.991222023963928223e-01
3.154071455355733633e-04,9.996845722198486328e-01
4.265427414793521166e-04,9.995734095573425293e-01
7.758134743198752403e-04,9.992241859436035156e-01
1.774242497049272060e-03,9.982257485389709473e-01
1.912208739668130875e-03,9.980877041816711426e-01
7.316442206501960754e-04,9.992683529853820801e-01
4.884117515757679939e-04,9.995115995407104492e-01
1.735941739752888680e-03,9.982641339302062988e-01
1.270455541089177132e-03,9.987295269966125488e-01
3.540852922014892101e-04,9.996459484100341797e-01
7.063134107738733292e-04,9.992936849594116211e-01
3.983944654464721680e-03,9.960160851478576660e-01
4.056618548929691315e-03,9.959433674812316895e-01
6.096444558352231979e-04,9.993903636932373047e-01
9.012857917696237564e-04,9.990987777709960938e-01
5.005705752409994602e-04,9.994994401931762695e-01
5.512469797395169735e-04,9.994487166404724121e-01
1.787737477570772171e-03,9.982123374938964844e-01
1.695086481049656868e-03,9.983048439025878906e-01
2.042140811681747437e-03,9.979578256607055664e-01
3.415273968130350113e-03,9.965846538543701172e-01
7.264335872605443001e-04,9.992735981941223145e-01
2.202543895691633224e-03,9.977974891662597656e-01
6.684825057163834572e-04,9.993315935134887695e-01
1.992252888157963753e-03,9.980077147483825684e-01
2.438431372866034508e-03,9.975615739822387695e-01
2.740587340667843819e-03,9.972593784332275391e-01
6.101695820689201355e-03,9.938982725143432617e-01
4.685823805630207062e-04,9.995313882827758789e-01
1.306093530729413033e-03,9.986938834190368652e-01
9.234332246705889702e-04,9.990766048431396484e-01
7.335836999118328094e-04,9.992664456367492676e-01
1.462329877540469170e-03,9.985376596450805664e-01
1.526837819255888462e-03,9.984731078147888184e-01
4.466980230063199997e-03,9.955329895019531250e-01
1.604731543920934200e-03,9.983952641487121582e-01
1.996525563299655914e-03,9.980034232139587402e-01
3.410403442103415728e-04,9.996589422225952148e-01
6.207970436662435532e-04,9.993791580200195312e-01
8.322146604768931866e-04,9.991677999496459961e-01
1.255924580618739128e-04,9.998743534088134766e-01
5.732015124522149563e-04,9.994268417358398438e-01
4.239885602146387100e-03,9.957601428031921387e-01
1.065875054337084293e-03,9.989340901374816895e-01
1.613270957022905350e-03,9.983867406845092773e-01
4.738071584142744541e-04,9.995262622833251953e-01
1.452885102480649948e-03,9.985471367835998535e-01
1.894931308925151825e-03,9.981050491333007812e-01
4.646070301532745361e-04,9.995354413986206055e-01
7.656836416572332382e-03,9.923431277275085449e-01
2.652475610375404358e-03,9.973474740982055664e-01
3.122004214674234390e-03,9.968780279159545898e-01
2.438347786664962769e-03,9.975616931915283203e-01
7.302801823243498802e-04,9.992696642875671387e-01
8.859533700160682201e-04,9.991139769554138184e-01
2.307151444256305695e-03,9.976928234100341797e-01
2.564274938777089119e-03,9.974357485771179199e-01
7.608504965901374817e-04,9.992392063140869141e-01
1.005832687951624393e-03,9.989941716194152832e-01
2.444205107167363167e-03,9.975557327270507812e-01
1.676220796070992947e-03,9.983237385749816895e-01
2.233703387901186943e-03,9.977662563323974609e-01
8.649983443319797516e-03,9.913500547409057617e-01
2.506608609110116959e-03,9.974933862686157227e-01
4.817841574549674988e-03,9.951820969581604004e-01
6.910153897479176521e-04,9.993089437484741211e-01
9.195190505124628544e-04,9.990804195404052734e-01
5.673762643709778786e-04,9.994326233863830566e-01
2.024941844865679741e-03,9.979750514030456543e-01
2.162093529477715492e-03,9.978379607200622559e-01
1.934999600052833557e-03,9.980650544166564941e-01
4.420955199748277664e-03,9.955790638923645020e-01
2.012358978390693665e-03,9.979876279830932617e-01
1.567494706250727177e-03,9.984324574470520020e-01
8.190797525458037853e-04,9.991808533668518066e-01
7.725110626779496670e-04,9.992275238037109375e-01
7.748607313260436058e-04,9.992251396179199219e-01
4.091788141522556543e-04,9.995908141136169434e-01
4.359136801213026047e-04,9.995641112327575684e-01
1.738686230964958668e-03,9.982612729072570801e-01
7.650755287613719702e-05,9.999234676361083984e-01
5.644570337608456612e-04,9.994354844093322754e-01
1.138444640673696995e-03,9.988615512847900391e-01
5.808192654512822628e-04,9.994192123413085938e-01
4.742721561342477798e-03,9.952573180198669434e-01
3.704868955537676811e-03,9.962951540946960449e-01
5.338413757272064686e-04,9.994661211967468262e-01
6.144631188362836838e-04,9.993854761123657227e-01
6.915230769664049149e-04,9.993084669113159180e-01
9.065523045137524605e-04,9.990934133529663086e-01
8.538467227481305599e-04,9.991461038589477539e-01
2.736814552918076515e-03,9.972631931304931641e-01
8.782005752436816692e-04,9.991218447685241699e-01
5.730844102799892426e-03,9.942691326141357422e-01
2.034052275121212006e-03,9.979659318923950195e-01
1.162223867140710354e-03,9.988377690315246582e-01
7.329079671762883663e-04,9.992670416831970215e-01
1.452679513022303581e-03,9.985472559928894043e-01
1.760313869453966618e-03,9.982396364212036133e-01
1.308554084971547127e-03,9.986914992332458496e-01
1.049466547556221485e-03,9.989504814147949219e-01
6.600149208679795265e-04,9.993399977684020996e-01
6.660377257503569126e-04,9.993339180946350098e-01
1.849941676482558250e-03,9.981501102447509766e-01
1.003685407340526581e-02,9.899631142616271973e-01
2.144098980352282524e-03,9.978558421134948730e-01
4.817841574549674988e-03,9.951820969581604004e-01
1.065875054337084293e-03,9.989340901374816895e-01
4.774438857566565275e-04,9.995225667953491211e-01
6.286170682869851589e-04,9.993713498115539551e-01
3.489270748104900122e-04,9.996510744094848633e-01
4.174950008746236563e-04,9.995824694633483887e-01
2.137798350304365158e-03,9.978621602058410645e-01
7.433482678607106209e-04,9.992566704750061035e-01
8.134283125400543213e-04,9.991865754127502441e-01
7.374822744168341160e-04,9.992625117301940918e-01
1.801376929506659508e-03,9.981986880302429199e-01
2.217805245891213417e-03,9.977821707725524902e-01
3.022488206624984741e-03,9.969775676727294922e-01
2.002780558541417122e-03,9.979972243309020996e-01
1.286769169382750988e-03,9.987132549285888672e-01
1.068639568984508514e-03,9.989313483238220215e-01
1.558980555273592472e-03,9.984410405158996582e-01
7.974168984219431877e-04,9.992025494575500488e-01
4.813467967323958874e-04,9.995186328887939453e-01
7.471674471162259579e-04,9.992528557777404785e-01
3.773364238440990448e-03,9.962266683578491211e-01
9.617643663659691811e-04,9.990382194519042969e-01
1.019897288642823696e-03,9.989801049232482910e-01
1.316830021096393466e-04,9.998682737350463867e-01
4.917094483971595764e-04,9.995082616806030273e-01
7.695474778302013874e-04,9.992305040359497070e-01
1.176025369204580784e-03,9.988239407539367676e-01
2.105011139065027237e-03,9.978950023651123047e-01
4.817841574549674988e-03,9.951820969581604004e-01
1.398649066686630249e-03,9.986013770103454590e-01
6.376747624017298222e-04,9.993622899055480957e-01
2.843573456630110741e-03,9.971563816070556641e-01
1.710004522465169430e-03,9.982900023460388184e-01
2.288050251081585884e-03,9.977118968963623047e-01
9.228165727108716965e-04,9.990772008895874023e-01
1.236693467944860458e-03,9.987633228302001953e-01
3.029182553291320801e-04,9.996970891952514648e-01
1.610276056453585625e-03,9.983897209167480469e-01
1.668256358243525028e-03,9.983317255973815918e-01
6.645882385782897472e-04,9.993353486061096191e-01
1.090700738131999969e-03,9.989093542098999023e-01
5.004462436772882938e-04,9.994995594024658203e-01
3.473107353784143925e-04,9.996527433395385742e-01
4.228996112942695618e-03,9.957709908485412598e-01
3.521498758345842361e-03,9.964784979820251465e-01
3.155696205794811249e-03,9.968442916870117188e-01
2.205073105869814754e-04,9.997795224189758301e-01
4.237235407344996929e-04,9.995762705802917480e-01
8.824470452964305878e-03,9.911755323410034180e-01
4.042911343276500702e-03,9.959570765495300293e-01
8.810704457573592663e-04,9.991189837455749512e-01
1.424183370545506477e-03,9.985758066177368164e-01
1.243655686266720295e-03,9.987562894821166992e-01
3.102739574387669563e-03,9.968972206115722656e-01
3.950134851038455963e-03,9.960498213768005371e-01
2.585036680102348328e-03,9.974149465560913086e-01
3.410830162465572357e-03,9.965891838073730469e-01
4.568058066070079803e-03,9.954320192337036133e-01
3.487147158011794090e-03,9.965128302574157715e-01
2.403639489784836769e-03,9.975963234901428223e-01
1.370193087495863438e-03,9.986298084259033203e-01
1.239582779817283154e-03,9.987604618072509766e-01
1.975191989913582802e-03,9.980248212814331055e-01
5.910416133701801300e-03,9.940896034240722656e-01
1.711105462163686752e-03,9.982889294624328613e-01
8.513951906934380531e-04,9.991486072540283203e-01
1.602109521627426147e-03,9.983978867530822754e-01
2.255561295896768570e-03,9.977444410324096680e-01
9.190426208078861237e-04,9.990808963775634766e-01
1.055811066180467606e-03,9.989442229270935059e-01
4.876818042248487473e-03,9.951232075691223145e-01
1.522212638519704342e-03,9.984777569770812988e-01
3.746648551896214485e-03,9.962533712387084961e-01
2.961668418720364571e-03,9.970383644104003906e-01
8.445674553513526917e-03,9.915543198585510254e-01
3.201457438990473747e-03,9.967985749244689941e-01
3.282404271885752678e-03,9.967176318168640137e-01
5.618399940431118011e-03,9.943816065788269043e-01
1.693517086096107960e-03,9.983065128326416016e-01
8.311922429129481316e-04,9.991688728332519531e-01
8.866492658853530884e-03,9.911335110664367676e-01
2.409027656540274620e-03,9.975910186767578125e-01
1.432130229659378529e-03,9.985678195953369141e-01
1.485936110839247704e-03,9.985141158103942871e-01
3.624898381531238556e-04,9.996374845504760742e-01
4.694349132478237152e-03,9.953055977821350098e-01
4.817841574549674988e-03,9.951820969581604004e-01
1.326830824837088585e-03,9.986732006072998047e-01
3.645334218163043261e-04,9.996354579925537109e-01
6.030478049069643021e-03,9.939695596694946289e-01
5.080962437205016613e-04,9.994919300079345703e-01
5.334889516234397888e-03,9.946651458740234375e-01
3.226357279345393181e-03,9.967736601829528809e-01
1.205183682031929493e-03,9.987947940826416016e-01
3.239861689507961273e-03,9.967601895332336426e-01
8.442159160040318966e-04,9.991557598114013672e-01
7.648374419659376144e-03,9.923515915870666504e-01
1.062438823282718658e-03,9.989375472068786621e-01
9.568817331455647945e-04,9.990430474281311035e-01
2.368641085922718048e-03,9.976313114166259766e-01
1.262571662664413452e-03,9.987373948097229004e-01
1.705164089798927307e-03,9.982948899269104004e-01
4.059161990880966187e-03,9.959408044815063477e-01
5.781534593552350998e-03,9.942184686660766602e-01
1.278548501431941986e-03,9.987214207649230957e-01
2.091695554554462433e-03,9.979083538055419922e-01
9.541451581753790379e-04,9.990457892417907715e-01
1.573696383275091648e-03,9.984263181686401367e-01
5.099126719869673252e-04,9.994900226593017578e-01
2.833037404343485832e-03,9.971669316291809082e-01
4.524121526628732681e-03,9.954758286476135254e-01
1.166238565929234028e-03,9.988337159156799316e-01
2.248072763904929161e-03,9.977518916130065918e-01
2.156680682674050331e-03,9.978432655334472656e-01
6.723823491483926773e-03,9.932762384414672852e-01
1.372041995637118816e-03,9.986280202865600586e-01
1.567667117342352867e-03,9.984323382377624512e-01
1.390997669659554958e-03,9.986090064048767090e-01
9.624051162973046303e-04,9.990376234054565430e-01
2.174227498471736908e-03,9.978258013725280762e-01
1.859871787019073963e-03,9.981400966644287109e-01
4.778361471835523844e-04,9.995222091674804688e-01
4.089906578883528709e-04,9.995910525321960449e-01
2.301047323271632195e-03,9.976989626884460449e-01
8.129621855914592743e-04,9.991870522499084473e-01
8.713739807717502117e-04,9.991286396980285645e-01
1.146601163782179356e-03,9.988534450531005859e-01
1.540438825031742454e-04,9.998459815979003906e-01
1.248201588168740273e-03,9.987517595291137695e-01
1.431444426998496056e-03,9.985685348510742188e-01
2.340378239750862122e-03,9.976595640182495117e-01
3.549305256456136703e-03,9.964506626129150391e-01
6.588478572666645050e-04,9.993411898612976074e-01
2.339862054213881493e-03,9.976601600646972656e-01
7.822560728527605534e-04,9.992177486419677734e-01
9.658290655352175236e-04,9.990341663360595703e-01
7.201792323030531406e-04,9.992797970771789551e-01
2.585970098152756691e-03,9.974139928817749023e-01
3.749014809727668762e-03,9.962510466575622559e-01
6.513841450214385986e-03,9.934862256050109863e-01
3.477728227153420448e-03,9.965223073959350586e-01
1.016085385344922543e-03,9.989839196205139160e-01
1.232107519172132015e-03,9.987679123878479004e-01
1.494046766310930252e-03,9.985059499740600586e-01
3.222908824682235718e-03,9.967771172523498535e-01
2.488521568011492491e-04,9.997511506080627441e-01
5.826706532388925552e-03,9.941733479499816895e-01
2.421490848064422607e-03,9.975785613059997559e-01
1.327940262854099274e-03,9.986721277236938477e-01
3.731794888153672218e-03,9.962682127952575684e-01
2.077952725812792778e-03,9.979221224784851074e-01
1.317607820965349674e-03,9.986824393272399902e-01
1.448764814995229244e-04,9.998551607131958008e-01
5.726596806198358536e-03,9.942733645439147949e-01
1.403777860105037689e-03,9.985962510108947754e-01
5.687854136340320110e-04,9.994311928749084473e-01
7.370150997303426266e-04,9.992629885673522949e-01
5.023442208766937256e-03,9.949766397476196289e-01
2.576617524027824402e-03,9.974234104156494141e-01
1.858578878454864025e-03,9.981414079666137695e-01
1.946824835613369942e-03,9.980531930923461914e-01
1.643734285607933998e-04,9.998356103897094727e-01
1.759847044013440609e-03,9.982401132583618164e-01
1.278412179090082645e-03,9.987215399742126465e-01
1.766685047186911106e-03,9.982333183288574219e-01
8.973241783678531647e-03,9.910266995429992676e-01
1.285478239879012108e-03,9.987145662307739258e-01
3.527698572725057602e-03,9.964723587036132812e-01
4.810337442904710770e-03,9.951896667480468750e-01
1.820151112042367458e-03,9.981799125671386719e-01
1.227315631695091724e-03,9.987726807594299316e-01
2.071560127660632133e-03,9.979283809661865234e-01
2.697850577533245087e-04,9.997301697731018066e-01
1.344667980447411537e-04,9.998655319213867188e-01
6.717082113027572632e-03,9.932829141616821289e-01
2.435506787151098251e-03,9.975645542144775391e-01
2.166725927963852882e-03,9.978333115577697754e-01
1.459245919249951839e-03,9.985407590866088867e-01
8.701228071004152298e-04,9.991299510002136230e-01
9.428994380868971348e-04,9.990571141242980957e-01
3.254929324612021446e-04,9.996745586395263672e-01
8.252621628344058990e-04,9.991746544837951660e-01
4.958962090313434601e-04,9.995040893554687500e-01
4.527309443801641464e-03,9.954726099967956543e-01
4.222331102937459946e-03,9.957776069641113281e-01
1.281179138459265232e-03,9.987188577651977539e-01
7.782783941365778446e-04,9.992216825485229492e-01
2.146776387235149741e-04,9.997853636741638184e-01
3.691367746796458960e-04,9.996308088302612305e-01
3.844446036964654922e-03,9.961555600166320801e-01
1.064609736204147339e-03,9.989354014396667480e-01
1.871805405244231224e-03,9.981282353401184082e-01
2.843573456630110741e-03,9.971563816070556641e-01
3.840746358036994934e-03,9.961591958999633789e-01
1.540206372737884521e-03,9.984598159790039062e-01
1.873789471574127674e-03,9.981262087821960449e-01
1.283258170587942004e-04,9.998716115951538086e-01
1.322766649536788464e-03,9.986771941184997559e-01
3.043735632672905922e-03,9.969562292098999023e-01
2.874995814636349678e-03,9.971249699592590332e-01
4.616883583366870880e-03,9.953830838203430176e-01
1.461768290027976036e-03,9.985382556915283203e-01
1.327125122770667076e-03,9.986728429794311523e-01
1.414638129062950611e-03,9.985853433609008789e-01
1.273363013751804829e-03,9.987266659736633301e-01
1.718195562716573477e-04,9.998281002044677734e-01
4.518470086622983217e-04,9.995481371879577637e-01
4.817841574549674988e-03,9.951820969581604004e-01
1.964692259207367897e-03,9.980353713035583496e-01
1.172609161585569382e-03,9.988273978233337402e-01
1.171920681372284889e-03,9.988281130790710449e-01
2.453467750456184149e-04,9.997546076774597168e-01
2.017647260800004005e-03,9.979823827743530273e-01
6.042686291038990021e-03,9.939572811126708984e-01
3.105326090008020401e-03,9.968945980072021484e-01
1.464221510104835033e-03,9.985357522964477539e-01
7.113865576684474945e-04,9.992885589599609375e-01
1.506344531662762165e-03,9.984936714172363281e-01
1.911266124807298183e-03,9.980886578559875488e-01
6.445799488574266434e-03,9.935542345046997070e-01
7.774582132697105408e-03,9.922254085540771484e-01
5.554484669119119644e-03,9.944455027580261230e-01
9.742101654410362244e-03,9.902578592300415039e-01
3.143817884847521782e-03,9.968562126159667969e-01
1.318410621024668217e-03,9.986816048622131348e-01
1.277533476240932941e-03,9.987224936485290527e-01
7.000864017754793167e-03,9.929990768432617188e-01
5.189077928662300110e-03,9.948109388351440430e-01
4.311243537813425064e-03,9.956887364387512207e-01
3.855504794046282768e-03,9.961445331573486328e-01
2.223673509433865547e-03,9.977763295173645020e-01
5.138592328876256943e-03,9.948614239692687988e-01
2.361090155318379402e-03,9.976389408111572266e-01
1.801304053515195847e-03,9.981986880302429199e-01
5.571934743784368038e-04,9.994427561759948730e-01
5.425114068202674389e-04,9.994575381278991699e-01
1.082466682419180870e-03,9.989175796508789062e-01
4.179572861175984144e-04,9.995819926261901855e-01
3.904897603206336498e-04,9.996095299720764160e-01
1.396197185385972261e-04,9.998604059219360352e-01
3.886554623022675514e-03,9.961134195327758789e-01
7.244586478918790817e-03,9.927554726600646973e-01
4.817841574549674988e-03,9.951820969581604004e-01
4.322901833802461624e-03,9.956770539283752441e-01
1.272581517696380615e-03,9.987273812294006348e-01
1.420599437551572919e-04,9.998579025268554688e-01
2.071053604595363140e-04,9.997928738594055176e-01
2.987722400575876236e-03,9.970122575759887695e-01
2.033783355727791786e-03,9.979662895202636719e-01
2.474571345373988152e-03,9.975253939628601074e-01
2.898414619266986847e-03,9.971016049385070801e-01
1.762193511240184307e-03,9.982378482818603516e-01
3.073676023632287979e-03,9.969263672828674316e-01
1.874839421361684799e-03,9.981251358985900879e-01
1.776653691194951534e-03,9.982233643531799316e-01
1.096741645596921444e-03,9.989032745361328125e-01
4.583330824971199036e-03,9.954166412353515625e-01
3.731794888153672218e-03,9.962682127952575684e-01
1.984202768653631210e-03,9.980157613754272461e-01
1.584136742167174816e-03,9.984158277511596680e-01
7.965094409883022308e-04,9.992035031318664551e-01
1.514988980488851666e-04,9.998484849929809570e-01
3.261457197368144989e-03,9.967384934425354004e-01
2.482760697603225708e-03,9.975172281265258789e-01
1.028305850923061371e-03,9.989717006683349609e-01
1.877655857242643833e-03,9.981222748756408691e-01
1.208581845276057720e-03,9.987913966178894043e-01
8.918283274397253990e-04,9.991081357002258301e-01
1.132020493969321251e-03,9.988679885864257812e-01
1.748485083226114511e-04,9.998251795768737793e-01
2.140065655112266541e-03,9.978598952293395996e-01
5.935518536716699600e-03,9.940645098686218262e-01
9.742101654410362244e-03,9.902578592300415039e-01
2.915378659963607788e-03,9.970846772193908691e-01
1.933616818860173225e-03,9.980663657188415527e-01
7.160320528782904148e-04,9.992839694023132324e-01
8.221653988584876060e-04,9.991778731346130371e-01
1.320826588198542595e-03,9.986791014671325684e-01
1.354305539280176163e-03,9.986457228660583496e-01
6.941414903849363327e-03,9.930585622787475586e-01
6.741015706211328506e-03,9.932589530944824219e-01
4.450247157365083694e-03,9.955497980117797852e-01
3.461087122559547424e-03,9.965388774871826172e-01
2.303578658029437065e-03,9.976964592933654785e-01
8.191113593056797981e-04,9.991808533668518066e-01
8.959301630966365337e-04,9.991040825843811035e-01
1.567805738886818290e-04,9.998432397842407227e-01
9.762924164533615112e-03,9.902370572090148926e-01
8.128923946060240269e-04,9.991870522499084473e-01
7.737225387245416641e-03,9.922627210617065430e-01
1.088102231733500957e-03,9.989118576049804688e-01
7.512234617024660110e-03,9.924877882003784180e-01
5.133263766765594482e-03,9.948667287826538086e-01
4.898023325949907303e-03,9.951019287109375000e-01
1.296055037528276443e-03,9.987039566040039062e-01
1.887484104372560978e-03,9.981125593185424805e-01
1.097318949177861214e-03,9.989026784896850586e-01
2.592753386124968529e-03,9.974072575569152832e-01
4.487339465413242579e-04,9.995512366294860840e-01
4.556315252557396889e-04,9.995443224906921387e-01
3.755372308660298586e-04,9.996244907379150391e-01
1.272889348911121488e-04,9.998726844787597656e-01
1.404379436280578375e-04,9.998595714569091797e-01
1.090366509743034840e-03,9.989095926284790039e-01
3.752123564481735229e-03,9.962478280067443848e-01
2.798277884721755981e-03,9.972016811370849609e-01
8.918866515159606934e-03,9.910811781883239746e-01
3.766554640606045723e-03,9.962334036827087402e-01
2.050126902759075165e-03,9.979498982429504395e-01
2.180786570534110069e-03,9.978191852569580078e-01
1.124168338719755411e-04,9.998875856399536133e-01
6.099981721490621567e-03,9.939000606536865234e-01
2.936464734375476837e-03,9.970635771751403809e-01
1.720423460938036442e-03,9.982795715332031250e-01
3.897980088368058205e-03,9.961019754409790039e-01
2.690030261874198914e-03,9.973100423812866211e-01
3.597534378059208393e-04,9.996402263641357422e-01
1.322058844380080700e-03,9.986779093742370605e-01
3.294027876108884811e-03,9.967059493064880371e-01
6.582046858966350555e-03,9.934179782867431641e-01
1.963235437870025635e-03,9.980368018150329590e-01
3.588272491469979286e-03,9.964117407798767090e-01
2.751884749159216881e-03,9.972481131553649902e-01
1.206159358844161034e-03,9.987938404083251953e-01
7.268704939633607864e-04,9.992731213569641113e-01
2.546516945585608482e-03,9.974535107612609863e-01
3.246713429689407349e-03,9.967532753944396973e-01
2.507085679098963737e-03,9.974929094314575195e-01
2.527837350498884916e-04,9.997472167015075684e-01
2.998048206791281700e-03,9.970019459724426270e-01
3.878703806549310684e-03,9.961212277412414551e-01
1.237396383658051491e-03,9.987626075744628906e-01
1.582380500622093678e-03,9.984176158905029297e-01
1.848493993747979403e-04,9.998151659965515137e-01
8.974102674983441830e-04,9.991025924682617188e-01
1.214655349031090736e-03,9.987853169441223145e-01
1.513231662102043629e-03,9.984867572784423828e-01
5.663003539666533470e-04,9.994336962699890137e-01
6.792110507376492023e-04,9.993207454681396484e-01
2.760059898719191551e-03,9.972399473190307617e-01
1.274771755561232567e-03,9.987252354621887207e-01
3.423434449359774590e-03,9.965766072273254395e-01
2.344009932130575180e-03,9.976559877395629883e-01
2.372803399339318275e-03,9.976271986961364746e-01
9.700611117295920849e-04,9.990299940109252930e-01
8.521987474523484707e-04,9.991477727890014648e-01
2.396181225776672363e-03,9.976038336753845215e-01
3.708953037858009338e-03,9.962910413742065430e-01
2.381673082709312439e-03,9.976182579994201660e-01
4.954904317855834961e-03,9.950450658798217773e-01
2.461505355313420296e-03,9.975384473800659180e-01
8.909038733690977097e-04,9.991090893745422363e-01
9.973380947485566139e-04,9.990026354789733887e-01
9.346750564873218536e-03,9.906532764434814453e-01
5.064309109002351761e-03,9.949356317520141602e-01
3.141039283946156502e-03,9.968589544296264648e-01
1.575334928929805756e-03,9.984246492385864258e-01
2.769650309346616268e-04,9.997230172157287598e-01
2.074310090392827988e-03,9.979256391525268555e-01
4.748754668980836868e-03,9.952511787414550781e-01
6.457720417529344559e-03,9.935423135757446289e-01
2.634253352880477905e-03,9.973657727241516113e-01
1.676541753113269806e-03,9.983235001564025879e-01
1.373622508253902197e-04,9.998626708984375000e-01
3.914864733815193176e-03,9.960851669311523438e-01
1.094024861231446266e-03,9.989060163497924805e-01
7.262637373059988022e-03,9.927373528480529785e-01
7.503955159336328506e-03,9.924960136413574219e-01
1.623047399334609509e-03,9.983769655227661133e-01
1.175047946162521839e-04,9.998824596405029297e-01
4.582983092404901981e-04,9.995417594909667969e-01
8.301593479700386524e-04,9.991698265075683594e-01
3.708395524881780148e-04,9.996291399002075195e-01
2.421614917693659663e-04,9.997578263282775879e-01
3.926396602764725685e-04,9.996073842048645020e-01
9.763643145561218262e-03,9.902363419532775879e-01
2.023494103923439980e-03,9.979764819145202637e-01
9.014278184622526169e-04,9.990985393524169922e-01
5.393919534981250763e-03,9.946060776710510254e-01
4.134959541261196136e-03,9.958649873733520508e-01
7.268704939633607864e-04,9.992731213569641113e-01
2.757024252787232399e-03,9.972429275512695312e-01
2.271151402965188026e-03,9.977288842201232910e-01
1.904528704471886158e-03,9.980954527854919434e-01
2.313179895281791687e-03,9.976868629455566406e-01
5.233255680650472641e-03,9.947667121887207031e-01
4.063901025801897049e-03,9.959360361099243164e-01
5.071712657809257507e-03,9.949283599853515625e-01
1.522604259662330151e-03,9.984773993492126465e-01
9.537666919641196728e-04,9.990462660789489746e-01
1.128367031924426556e-03,9.988716244697570801e-01
6.351211573928594589e-03,9.936488270759582520e-01
4.083758220076560974e-03,9.959161877632141113e-01
4.030532669275999069e-03,9.959695339202880859e-01
2.472630236297845840e-03,9.975274205207824707e-01
1.786358770914375782e-03,9.982136487960815430e-01
2.527072094380855560e-03,9.974729418754577637e-01
7.938278722576797009e-04,9.992062449455261230e-01
5.435883998870849609e-03,9.945640563964843750e-01
6.289595272392034531e-03,9.937103986740112305e-01
2.118757227435708046e-03,9.978812336921691895e-01
2.743822522461414337e-03,9.972562193870544434e-01
3.003142075613141060e-03,9.969968795776367188e-01
1.128057367168366909e-03,9.988718628883361816e-01
4.264682997018098831e-03,9.957352876663208008e-01
4.072804003953933716e-03,9.959271550178527832e-01
2.432771958410739899e-03,9.975672960281372070e-01
4.244800657033920288e-03,9.957551956176757812e-01
1.906630932353436947e-03,9.980933070182800293e-01
2.706190338358283043e-03,9.972937703132629395e-01
9.824632434174418449e-04,9.990174770355224609e-01
1.706319511868059635e-03,9.982936978340148926e-01
8.045047521591186523e-03,9.919549822807312012e-01
6.966971792280673981e-03,9.930330514907836914e-01
1.290678512305021286e-03,9.987093210220336914e-01
1.245670719072222710e-03,9.987543821334838867e-01
9.024901082739233971e-04,9.990975856781005859e-01
5.216136341914534569e-04,9.994783997535705566e-01
1.817384036257863045e-04,9.998182654380798340e-01
4.509111866354942322e-03,9.954908490180969238e-01
5.041902768425643444e-04,9.994957447052001953e-01
7.112237159162759781e-03,9.928877949714660645e-01
4.158551339060068130e-03,9.958414435386657715e-01
2.418693766230717301e-04,9.997581839561462402e-01
4.215598164591938257e-04,9.995784163475036621e-01
2.106963191181421280e-03,9.978930354118347168e-01
9.556177072227001190e-03,9.904438853263854980e-01
2.432771958410739899e-03,9.975672960281372070e-01
1.766410889104008675e-03,9.982335567474365234e-01
2.084009815007448196e-03,9.979160428047180176e-01
8.156804367899894714e-03,9.918431639671325684e-01
6.888235453516244888e-03,9.931118488311767578e-01
6.632876116782426834e-03,9.933671355247497559e-01
4.332078155130147934e-03,9.956679344177246094e-01
1.785956555977463722e-03,9.982141256332397461e-01
1.618182286620140076e-03,9.983818531036376953e-01
5.172781529836356640e-04,9.994827508926391602e-01
1.031233696267008781e-04,9.998968839645385742e-01
2.640504681039601564e-04,9.997358918190002441e-01
2.029294380918145180e-03,9.979706406593322754e-01
9.004552266560494900e-04,9.990996122360229492e-01
4.772239364683628082e-03,9.952278137207031250e-01
1.667432952672243118e-03,9.983325600624084473e-01
1.388994744047522545e-03,9.986109733581542969e-01
8.496692404150962830e-03,9.915033578872680664e-01
2.921970735769718885e-04,9.997077584266662598e-01
1.660213602008298039e-04,9.998339414596557617e-01
4.138138145208358765e-03,9.958618879318237305e-01
4.469583276659250259e-03,9.955304265022277832e-01
2.855666214600205421e-03,9.971442818641662598e-01
4.433218389749526978e-03,9.955667853355407715e-01
2.589094685390591621e-03,9.974109530448913574e-01
2.748461556620895863e-04,9.997251629829406738e-01
1.070394529961049557e-03,9.989295601844787598e-01
8.728391490876674652e-03,9.912715554237365723e-01
1.445555360987782478e-03,9.985544085502624512e-01
2.209601458162069321e-03,9.977903366088867188e-01
5.404608673416078091e-04,9.994595646858215332e-01
1.860209973528981209e-03,9.981397390365600586e-01
1.414712984114885330e-03,9.985853433609008789e-01
1.433600438758730888e-03,9.985664486885070801e-01
3.689777106046676636e-03,9.963101744651794434e-01
2.967170206829905510e-03,9.970327615737915039e-01
6.836818065494298935e-04,9.993163347244262695e-01
3.098022192716598511e-03,9.969019889831542969e-01
3.630882361903786659e-03,9.963691234588623047e-01
5.521828308701515198e-03,9.944781064987182617e-01
2.217749366536736488e-03,9.977822899818420410e-01
1.041712821461260319e-03,9.989582300186157227e-01
1.903245807625353336e-03,9.980967640876770020e-01
1.305985846556723118e-03,9.986940026283264160e-01
1.511790556833148003e-03,9.984881877899169922e-01
6.611524731852114201e-04,9.993388056755065918e-01
6.389422807842493057e-03,9.936105608940124512e-01
8.882048539817333221e-03,9.911178946495056152e-01
2.413213660474866629e-04,9.997586607933044434e-01
2.060930564766749740e-04,9.997939467430114746e-01
2.468997612595558167e-03,9.975309967994689941e-01
3.514401149004697800e-03,9.964855909347534180e-01
3.632738720625638962e-03,9.963672161102294922e-01
1.834716764278709888e-03,9.981653094291687012e-01
2.892177319154143333e-03,9.971078038215637207e-01
2.047488698735833168e-03,9.979524612426757812e-01
2.699072938412427902e-03,9.973009228706359863e-01
2.150648360839113593e-04,9.997850060462951660e-01
4.163030534982681274e-03,9.958369731903076172e-01
9.484217502176761627e-03,9.905158281326293945e-01
2.324684057384729385e-03,9.976753592491149902e-01
4.332053475081920624e-03,9.956679344177246094e-01
1.646730583161115646e-03,9.983532428741455078e-01
2.668740053195506334e-04,9.997331500053405762e-01
1.470236456952989101e-04,9.998528957366943359e-01
2.683998784050345421e-03,9.973159432411193848e-01
1.230930327437818050e-03,9.987689852714538574e-01
5.315207410603761673e-03,9.946848750114440918e-01
8.189211599528789520e-03,9.918107986450195312e-01
3.976841922849416733e-03,9.960231781005859375e-01
6.244218093343079090e-04,9.993756413459777832e-01
2.767850237432867289e-04,9.997232556343078613e-01
2.798585628625005484e-04,9.997201561927795410e-01
3.199155908077955246e-03,9.968007802963256836e-01
4.785081371665000916e-03,9.952149391174316406e-01
2.667855238541960716e-03,9.973322153091430664e-01
8.868793956935405731e-03,9.911311268806457520e-01
2.816508756950497627e-03,9.971835017204284668e-01
5.882193217985332012e-04,9.994118213653564453e-01
5.924533586949110031e-03,9.940754175186157227e-01
4.266757052391767502e-03,9.957332015037536621e-01
4.074218217283487320e-03,9.959257841110229492e-01
1.661778514971956611e-04,9.998338222503662109e-01
1.752773241605609655e-04,9.998247027397155762e-01
7.805433706380426884e-04,9.992194175720214844e-01
5.130795296281576157e-03,9.948692321777343750e-01
2.237795619294047356e-03,9.977622032165527344e-01
5.703645874746143818e-04,9.994296431541442871e-01
7.084858953021466732e-04,9.992915391921997070e-01
3.505506785586476326e-03,9.964944720268249512e-01
5.438960157334804535e-03,9.945610165596008301e-01
4.043145570904016495e-03,9.959568381309509277e-01
1.242714934051036835e-03,9.987572431564331055e-01
3.005300182849168777e-03,9.969947338104248047e-01
7.209422532469034195e-03,9.927905797958374023e-01
1.331678242422640324e-03,9.986683130264282227e-01
3.250318579375743866e-03,9.967496395111083984e-01
3.774003824219107628e-03,9.962259531021118164e-01
1.292860601097345352e-03,9.987071752548217773e-01
6.842972361482679844e-04,9.993157386779785156e-01
3.358105197548866272e-03,9.966418743133544922e-01
2.721550874412059784e-03,9.972785115242004395e-01
2.452196087688207626e-03,9.975478053092956543e-01
2.323781605809926987e-03,9.976761937141418457e-01
6.933469325304031372e-03,9.930665493011474609e-01
1.970859942957758904e-03,9.980291724205017090e-01
4.611526674125343561e-04,9.995388984680175781e-01
3.148579562548547983e-04,9.996851682662963867e-01
3.779490012675523758e-03,9.962205290794372559e-01
1.088281162083148956e-02,9.891172051429748535e-01
1.691281329840421677e-03,9.983086585998535156e-01
2.615109086036682129e-03,9.973848462104797363e-01
2.170777181163430214e-03,9.978292584419250488e-01
3.198924707248806953e-03,9.968010187149047852e-01
6.414099596440792084e-03,9.935858845710754395e-01
3.428701078519225121e-03,9.965713024139404297e-01
8.337028324604034424e-03,9.916629791259765625e-01
1.421102555468678474e-03,9.985789060592651367e-01
8.614577236585319042e-04,9.991384744644165039e-01
2.642314881086349487e-03,9.973576664924621582e-01
1.431972719728946686e-03,9.985680580139160156e-01
1.359633170068264008e-03,9.986403584480285645e-01
6.879599532112479210e-04,9.993120431900024414e-01
3.686216659843921661e-03,9.963137507438659668e-01
4.902320448309183121e-03,9.950976967811584473e-01
1.104885945096611977e-03,9.988951086997985840e-01
1.834085211157798767e-03,9.981659054756164551e-01
1.049167942255735397e-02,9.895082712173461914e-01
1.848744461312890053e-03,9.981512427330017090e-01
2.686789957806468010e-04,9.997313618659973145e-01
3.668627236038446426e-03,9.963313937187194824e-01
2.004843903705477715e-03,9.979951381683349609e-01
6.301041576080024242e-04,9.993699193000793457e-01
1.321551389992237091e-03,9.986783862113952637e-01
4.239657428115606308e-04,9.995760321617126465e-01
1.031532068736851215e-03,9.989684820175170898e-01
6.743033300153911114e-04,9.993257522583007812e-01
7.307087071239948273e-03,9.926929473876953125e-01
7.005496881902217865e-03,9.929944872856140137e-01
1.461906591430306435e-03,9.985381364822387695e-01
4.977329168468713760e-03,9.950226545333862305e-01
4.273036029189825058e-03,9.957269430160522461e-01
2.278427127748727798e-03,9.977216124534606934e-01
1.304109697230160236e-03,9.986959099769592285e-01
5.598392337560653687e-03,9.944016337394714355e-01
6.200147327035665512e-04,9.993799924850463867e-01
9.644635953009128571e-03,9.903553724288940430e-01
2.202152390964329243e-04,9.997797608375549316e-01
3.135488950647413731e-04,9.996864795684814453e-01
5.188615527004003525e-03,9.948114156723022461e-01
5.335957277566194534e-03,9.946640729904174805e-01
9.833336807787418365e-03,9.901666641235351562e-01
6.743759382516145706e-03,9.932562112808227539e-01
1.831195550039410591e-03,9.981688261032104492e-01
2.620220649987459183e-03,9.973797202110290527e-01
2.040565887000411749e-04,9.997959733009338379e-01
1.438520412193611264e-04,9.998561143875122070e-01
4.342062398791313171e-03,9.956579208374023438e-01
2.270148834213614464e-03,9.977298378944396973e-01
6.900680717080831528e-03,9.930993318557739258e-01
4.966245032846927643e-03,9.950337409973144531e-01
2.205914817750453949e-03,9.977941513061523438e-01
1.640550675801932812e-03,9.983593821525573730e-01
9.185436647385358810e-04,9.990814924240112305e-01
8.853863109834492207e-04,9.991145730018615723e-01
2.541359979659318924e-03,9.974586367607116699e-01
7.569245528429746628e-03,9.924307465553283691e-01
9.151301346719264984e-03,9.908486604690551758e-01
1.991502009332180023e-03,9.980085492134094238e-01
3.579703625291585922e-03,9.964202642440795898e-01
6.196492351591587067e-03,9.938035011291503906e-01
9.986821096390485764e-04,9.990013241767883301e-01
1.353333238512277603e-03,9.986466765403747559e-01
9.068661369383335114e-03,9.909312725067138672e-01
2.767686964944005013e-03,9.972323775291442871e-01
1.906004152260720730e-03,9.980940222740173340e-01
2.110711066052317619e-03,9.978893399238586426e-01
5.314866546541452408e-03,9.946850538253784180e-01
6.217260379344224930e-04,9.993782043457031250e-01
7.056404370814561844e-03,9.929435849189758301e-01
3.140618558973073959e-03,9.968594312667846680e-01
1.427669194526970387e-03,9.985723495483398438e-01
1.467153429985046387e-03,9.985328912734985352e-01
6.237034685909748077e-03,9.937630295753479004e-01
9.101518662646412849e-04,9.990898370742797852e-01
4.797767032869160175e-04,9.995201826095581055e-01
1.607152225915342569e-04,9.998393058776855469e-01
3.986056428402662277e-03,9.960139989852905273e-01
1.617583096958696842e-03,9.983824491500854492e-01
2.304991474375128746e-03,9.976950287818908691e-01
8.444081991910934448e-03,9.915559291839599609e-01
5.015561822801828384e-03,9.949843883514404297e-01
1.449932577088475227e-03,9.985499978065490723e-01
2.121686702594161034e-03,9.978783130645751953e-01
2.267212141305208206e-03,9.977327585220336914e-01
7.352153770625591278e-03,9.926478862762451172e-01
9.283310733735561371e-03,9.907166361808776855e-01
1.154301408678293228e-02,9.884569644927978516e-01
2.741765929386019707e-03,9.972581863403320312e-01
2.769660204648971558e-03,9.972303509712219238e-01
9.154462255537509918e-03,9.908455014228820801e-01
1.296956179430708289e-04,9.998703002929687500e-01
8.078681421466171741e-04,9.991921782493591309e-01
9.652352891862392426e-04,9.990347623825073242e-01
6.706988438963890076e-03,9.932930469512939453e-01
5.548328161239624023e-03,9.944517016410827637e-01
4.438173025846481323e-03,9.955618381500244141e-01
3.096605651080608368e-03,9.969033598899841309e-01
4.330120049417018890e-03,9.956698417663574219e-01
4.381581675261259079e-03,9.956184625625610352e-01
1.603173092007637024e-03,9.983968138694763184e-01
2.227326389402151108e-03,9.977726340293884277e-01
2.319901250302791595e-03,9.976801276206970215e-01
6.309089250862598419e-03,9.936908483505249023e-01
3.049795748665928841e-03,9.969502091407775879e-01
3.217765770386904478e-04,9.996782541275024414e-01
1.830350229283794761e-04,9.998169541358947754e-01
1.490960596129298210e-03,9.985089898109436035e-01
2.163296565413475037e-03,9.978367686271667480e-01
1.502116769552230835e-02,9.849788546562194824e-01
1.138726132921874523e-03,9.988613128662109375e-01
1.124476315453648567e-03,9.988755583763122559e-01
1.006957376375794411e-03,9.989930987358093262e-01
3.186912217643111944e-04,9.996813535690307617e-01
3.113995771855115891e-03,9.968859553337097168e-01
4.395784344524145126e-03,9.956042766571044922e-01
3.531404770910739899e-03,9.964685440063476562e-01
3.212237032130360603e-03,9.967877864837646484e-01
1.080876868218183517e-02,9.891912341117858887e-01
5.347675178200006485e-04,9.994652867317199707e-01
2.740808762609958649e-03,9.972591400146484375e-01
5.110376514494419098e-04,9.994889497756958008e-01
2.213955158367753029e-03,9.977860450744628906e-01
2.684323117136955261e-03,9.973157048225402832e-01
6.703235208988189697e-03,9.932968020439147949e-01
1.244563492946326733e-03,9.987554550170898438e-01
5.943401716649532318e-03,9.940565824508666992e-01
2.782858209684491158e-04,9.997217059135437012e-01
9.833336807787418365e-03,9.901666641235351562e-01
2.765377750620245934e-03,9.972346425056457520e-01
6.710683461278676987e-03,9.932892918586730957e-01
4.531793296337127686e-03,9.954682588577270508e-01
1.535749179311096668e-03,9.984642267227172852e-01
3.959875903092324734e-04,9.996040463447570801e-01
1.308102073380723596e-04,9.998692274093627930e-01
5.232618190348148346e-03,9.947674274444580078e-01
1.204369007609784603e-03,9.987956285476684570e-01
1.323300413787364960e-03,9.986767172813415527e-01
4.137006180826574564e-04,9.995862841606140137e-01
3.349847160279750824e-03,9.966501593589782715e-01
2.382821170613169670e-03,9.976171851158142090e-01
2.224429044872522354e-03,9.977756142616271973e-01
3.702463582158088684e-03,9.962975382804870605e-01
9.197334758937358856e-03,9.908026456832885742e-01
9.152936749160289764e-03,9.908470511436462402e-01
2.513556275516748428e-03,9.974864721298217773e-01
1.614184351637959480e-03,9.983857870101928711e-01
4.716788418591022491e-03,9.952831864356994629e-01
8.313757367432117462e-03,9.916861653327941895e-01
1.308844983577728271e-02,9.869115352630615234e-01
6.993810180574655533e-03,9.930061101913452148e-01
2.299461513757705688e-03,9.977005124092102051e-01
2.527212491258978844e-03,9.974727034568786621e-01
5.392791354097425938e-04,9.994607567787170410e-01
6.978106102906167507e-04,9.993021488189697266e-01
4.558824468404054642e-03,9.954411983489990234e-01
2.858158899471163750e-03,9.971417784690856934e-01
1.352259569102898240e-04,9.998646974563598633e-01
8.289641700685024261e-03,9.917103648185729980e-01
2.794944215565919876e-03,9.972050786018371582e-01
5.352871958166360855e-03,9.946470856666564941e-01
2.206118311733007431e-03,9.977939128875732422e-01
1.196389785036444664e-03,9.988036155700683594e-01
3.573414636775851250e-03,9.964266419410705566e-01
4.398387856781482697e-03,9.956016540527343750e-01
3.477401100099086761e-03,9.965226650238037109e-01
2.805308206006884575e-03,9.971946477890014648e-01
8.508594706654548645e-03,9.914913773536682129e-01
4.807742778211832047e-03,9.951922893524169922e-01
1.410305412719026208e-04,9.998589754104614258e-01
2.510989317670464516e-03,9.974889755249023438e-01
5.197481368668377399e-04,9.994803071022033691e-01
9.886100888252258301e-04,9.990113973617553711e-01
9.535473771393299103e-03,9.904645681381225586e-01
8.612347766757011414e-03,9.913876652717590332e-01
2.718127332627773285e-03,9.972819089889526367e-01
2.087291795760393143e-03,9.979127049446105957e-01
7.421580958180129528e-04,9.992578625679016113e-01
2.586586168035864830e-03,9.974134564399719238e-01
3.123458474874496460e-03,9.968764781951904297e-01
3.357886802405118942e-03,9.966421127319335938e-01
4.833176266402006149e-03,9.951667785644531250e-01
6.459865253418684006e-03,9.935401082038879395e-01
2.591279800981283188e-03,9.974086880683898926e-01
1.368381344946101308e-04,9.998631477355957031e-01
2.682439517229795456e-03,9.973176121711730957e-01
4.653548239730298519e-04,9.995347261428833008e-01
1.103227399289608002e-02,9.889677166938781738e-01
2.884989138692617416e-03,9.971150159835815430e-01
1.034026592969894409e-02,9.896597266197204590e-01
4.438173025846481323e-03,9.955618381500244141e-01
3.208463545888662338e-03,9.967915415763854980e-01
2.706675790250301361e-03,9.972932934761047363e-01
2.584845060482621193e-03,9.974151849746704102e-01
2.047312445938587189e-03,9.979526996612548828e-01
4.987737629562616348e-03,9.950122237205505371e-01
1.841451157815754414e-03,9.981585144996643066e-01
1.159217581152915955e-02,9.884077906608581543e-01
2.505826763808727264e-03,9.974942207336425781e-01
7.371064857579767704e-04,9.992628693580627441e-01
2.203665208071470261e-03,9.977962970733642578e-01
3.139546839520335197e-03,9.968605041503906250e-01
7.917904295027256012e-03,9.920821189880371094e-01
1.287196669727563858e-02,9.871280193328857422e-01
2.237393055111169815e-03,9.977625608444213867e-01
7.197092054411768913e-04,9.992802739143371582e-01
1.963971648365259171e-03,9.980360865592956543e-01
6.379238329827785492e-03,9.936208128929138184e-01
4.758567956741899252e-04,9.995241165161132812e-01
1.100190420402213931e-04,9.998899698257446289e-01
9.427654556930065155e-03,9.905722737312316895e-01
2.181958407163619995e-03,9.978179931640625000e-01
1.330969505943357944e-03,9.986690282821655273e-01
4.823697730898857117e-03,9.951763153076171875e-01
9.497646242380142212e-03,9.905023574829101562e-01
3.169850446283817291e-03,9.968301653861999512e-01
5.668595898896455765e-03,9.943313598632812500e-01
6.706381682306528091e-03,9.932936429977416992e-01
7.491969154216349125e-04,9.992508292198181152e-01
3.209533751942217350e-04,9.996790885925292969e-01
4.138088785111904144e-03,9.958618879318237305e-01
8.492355234920978546e-03,9.915076494216918945e-01
2.862854162231087685e-03,9.971371889114379883e-01
5.561010912060737610e-04,9.994438290596008301e-01
3.381318645551800728e-03,9.966186285018920898e-01
1.009043407975696027e-04,9.998990297317504883e-01
1.818044343963265419e-03,9.981819391250610352e-01
7.194570731371641159e-03,9.928054213523864746e-01
1.820947276428341866e-03,9.981790781021118164e-01
2.396518597379326820e-03,9.976034760475158691e-01
3.480012994259595871e-03,9.965200424194335938e-01
3.884546924382448196e-03,9.961154460906982422e-01
2.137028641300275922e-04,9.997863173484802246e-01
1.498158235335722566e-04,9.998501539230346680e-01
1.189470291137695312e-03,9.988105297088623047e-01
3.165720496326684952e-03,9.968343377113342285e-01
1.211827388033270836e-03,9.987881779670715332e-01
6.021966226398944855e-03,9.939780235290527344e-01
5.807846318930387497e-04,9.994192123413085938e-01
9.015150717459619045e-04,9.990985393524169922e-01
6.136612035334110260e-03,9.938634634017944336e-01
8.916253224015235901e-03,9.910837411880493164e-01
3.131240839138627052e-03,9.968687891960144043e-01
5.678039160557091236e-04,9.994321465492248535e-01
1.069570984691381454e-02,9.893043041229248047e-01
1.504614949226379395e-02,9.849538803100585938e-01
2.487836871296167374e-03,9.975121021270751953e-01
8.289033547043800354e-03,9.917109012603759766e-01
5.259873811155557632e-03,9.947401881217956543e-01
3.126474330201745033e-03,9.968735575675964355e-01
1.520403474569320679e-02,9.847959280014038086e-01
6.601815694011747837e-04,9.993397593498229980e-01
1.099121946026571095e-04,9.998900890350341797e-01
1.661854214034974575e-03,9.983381032943725586e-01
5.215437617152929306e-03,9.947845339775085449e-01
1.701918663457036018e-03,9.982981085777282715e-01
2.075945492833852768e-03,9.979239702224731445e-01
1.062974566593766212e-03,9.989370703697204590e-01
3.407879732549190521e-03,9.965921640396118164e-01
4.226067394483834505e-04,9.995773434638977051e-01
5.022199475206434727e-04,9.994977712631225586e-01
8.324196096509695053e-04,9.991675615310668945e-01
2.977766096591949463e-03,9.970222115516662598e-01
6.269167643040418625e-04,9.993731379508972168e-01
1.678735367022454739e-03,9.983212351799011230e-01
3.622957272455096245e-03,9.963770508766174316e-01
1.445025578141212463e-02,9.855497479438781738e-01
9.256794117391109467e-03,9.907432198524475098e-01
1.590810832567512989e-03,9.984092116355895996e-01
4.386181011795997620e-03,9.956138134002685547e-01
7.631144486367702484e-03,9.923688769340515137e-01
2.332212869077920914e-03,9.976677298545837402e-01
4.730553366243839264e-03,9.952694773674011230e-01
3.185894747730344534e-04,9.996814727783203125e-01
8.372041396796703339e-03,9.916279315948486328e-01
4.552507773041725159e-03,9.954474568367004395e-01
1.837514806538820267e-03,9.981624484062194824e-01
4.724399186670780182e-03,9.952756166458129883e-01
1.560369157232344151e-03,9.984396100044250488e-01
1.556722709210589528e-04,9.998443126678466797e-01
1.236820127815008163e-02,9.876318573951721191e-01
9.176769293844699860e-03,9.908232688903808594e-01
1.738979364745318890e-03,9.982610344886779785e-01
1.431325799785554409e-03,9.985686540603637695e-01
2.126661594957113266e-03,9.978733062744140625e-01
1.030721250572241843e-04,9.998968839645385742e-01
3.229662077501416206e-03,9.967703819274902344e-01
9.528107475489377975e-04,9.990472197532653809e-01
1.764839165844023228e-03,9.982351064682006836e-01
6.845252588391304016e-03,9.931547641754150391e-01
1.365000940859317780e-02,9.863499999046325684e-01
2.437206683680415154e-03,9.975627660751342773e-01
1.056199544109404087e-04,9.998943805694580078e-01
8.439187891781330109e-03,9.915607571601867676e-01
1.137828221544623375e-03,9.988621473312377930e-01
8.464850252494215965e-04,9.991534948348999023e-01
1.887792954221367836e-03,9.981122016906738281e-01
9.927510283887386322e-03,9.900724887847900391e-01
1.460411678999662399e-02,9.853958487510681152e-01
1.156473159790039062e-02,9.884352684020996094e-01
1.926877652294933796e-03,9.980731010437011719e-01
1.788547844626009464e-03,9.982115030288696289e-01
7.919862866401672363e-03,9.920801520347595215e-01
1.999592932406812906e-04,9.998000264167785645e-01
8.573385421186685562e-04,9.991426467895507812e-01
2.652920549735426903e-03,9.973469972610473633e-01
3.918842412531375885e-03,9.960811734199523926e-01
6.073802243918180466e-03,9.939262270927429199e-01
3.873129375278949738e-03,9.961269497871398926e-01
6.874861428514122963e-04,9.993125200271606445e-01
5.077914102002978325e-04,9.994921684265136719e-01
4.651911149267107248e-04,9.995348453521728516e-01
2.481734845787286758e-03,9.975183010101318359e-01
6.694082403555512428e-04,9.993306398391723633e-01
1.867417478933930397e-03,9.981326460838317871e-01
2.903544111177325249e-03,9.970964193344116211e-01
1.858889474533498287e-03,9.981410503387451172e-01
4.287450574338436127e-03,9.957125186920166016e-01
3.290166612714529037e-03,9.967098236083984375e-01
5.513052921742200851e-03,9.944869875907897949e-01
1.742293592542409897e-03,9.982576966285705566e-01
8.597185951657593250e-04,9.991402626037597656e-01
2.465629251673817635e-03,9.975343942642211914e-01
1.131911645643413067e-03,9.988681077957153320e-01
1.329836784861981869e-03,9.986702203750610352e-01
2.622156869620084763e-03,9.973778724670410156e-01
7.670420687645673752e-03,9.923295378684997559e-01
4.676319658756256104e-03,9.953237175941467285e-01
2.504791365936398506e-03,9.974952936172485352e-01
7.943571545183658600e-03,9.920564293861389160e-01
1.457961928099393845e-02,9.854204058647155762e-01
5.262929480522871017e-04,9.994737505912780762e-01
2.130201458930969238e-02,9.786979556083679199e-01
1.066192518919706345e-03,9.989338517189025879e-01
3.874006913974881172e-03,9.961259961128234863e-01
1.733485027216374874e-03,9.982665181159973145e-01
1.051119714975357056e-02,9.894887804985046387e-01
1.639717258512973785e-02,9.836028814315795898e-01
9.630058892071247101e-03,9.903699755668640137e-01
3.741221968084573746e-03,9.962587356567382812e-01
1.546243554912507534e-03,9.984537363052368164e-01
4.594992846250534058e-03,9.954049587249755859e-01
6.396670360118150711e-03,9.936032891273498535e-01
7.012997521087527275e-04,9.992986917495727539e-01
1.757043180987238884e-03,9.982429742813110352e-01
3.485051915049552917e-03,9.965149164199829102e-01
3.346821991726756096e-03,9.966532588005065918e-01
2.711183391511440277e-03,9.972888231277465820e-01
9.165058727376163006e-04,9.990835189819335938e-01
1.970160665223374963e-04,9.998030066490173340e-01
7.103050127625465393e-03,9.928969740867614746e-01
2.075434662401676178e-03,9.979245662689208984e-01
5.138147389516234398e-04,9.994862079620361328e-01
2.336025703698396683e-03,9.976639747619628906e-01
2.628708491101861000e-03,9.973713159561157227e-01
1.023209653794765472e-03,9.989768266677856445e-01
6.320136599242687225e-04,9.993680119514465332e-01
5.491488263942301273e-04,9.994508624076843262e-01
1.020336989313364029e-02,9.897966980934143066e-01
6.238548085093498230e-03,9.937614798545837402e-01
4.640799481421709061e-03,9.953592419624328613e-01
6.469932384788990021e-03,9.935300946235656738e-01
1.669326331466436386e-03,9.983306527137756348e-01
1.418261905200779438e-03,9.985817670822143555e-01
3.202358726412057877e-03,9.967976212501525879e-01
2.476233989000320435e-03,9.975237250328063965e-01
1.036699209362268448e-02,9.896329641342163086e-01
7.953828317113220692e-04,9.992046952247619629e-01
1.311984006315469742e-02,9.868801832199096680e-01
8.959887549281120300e-03,9.910401701927185059e-01
1.006802078336477280e-02,9.899319410324096680e-01
6.553234998136758804e-03,9.934467673301696777e-01
2.116401214152574539e-03,9.978836178779602051e-01
7.563077961094677448e-04,9.992437362670898438e-01
1.342231989838182926e-03,9.986577033996582031e-01
1.549013890326023102e-02,9.845098853111267090e-01
1.239961199462413788e-02,9.876004457473754883e-01
2.265968825668096542e-03,9.977340698242187500e-01
1.453508157283067703e-04,9.998546838760375977e-01
4.283905145712196827e-04,9.995716214179992676e-01
4.396477714180946350e-03,9.956035614013671875e-01
2.175736008211970329e-03,9.978243112564086914e-01
6.835578940808773041e-03,9.931643605232238770e-01
4.130010027438402176e-03,9.958699345588684082e-01
1.483930158428847790e-03,9.985160231590270996e-01
1.545615028589963913e-03,9.984543323516845703e-01
5.126357078552246094e-03,9.948735833168029785e-01
2.515716012567281723e-03,9.974842071533203125e-01
9.293416514992713928e-04,9.990707039833068848e-01
1.834053918719291687e-02,9.816594719886779785e-01
3.178647020831704140e-03,9.968214035034179688e-01
7.590237073600292206e-04,9.992409944534301758e-01
1.052685081958770752e-02,9.894731640815734863e-01
7.728869095444679260e-03,9.922711849212646484e-01
3.955163061618804932e-03,9.960448145866394043e-01
2.391947200521826744e-03,9.976080656051635742e-01
6.905105547048151493e-04,9.993095397949218750e-01
1.509279245510697365e-04,9.998490810394287109e-01
1.849623629823327065e-03,9.981503486633300781e-01
4.623774730134755373e-04,9.995377063751220703e-01
4.425156395882368088e-03,9.955748319625854492e-01
1.121949125081300735e-02,9.887804985046386719e-01
4.749026848003268242e-04,9.995250701904296875e-01
6.448343396186828613e-03,9.935516119003295898e-01
2.045635599642992020e-03,9.979543685913085938e-01
1.258692820556461811e-03,9.987413287162780762e-01
6.757738068699836731e-03,9.932422041893005371e-01
4.614142701029777527e-03,9.953858256340026855e-01
2.252408768981695175e-03,9.977476000785827637e-01
3.470136784017086029e-03,9.965298771858215332e-01
5.953196668997406960e-04,9.994046688079833984e-01
4.910769057460129261e-04,9.995089769363403320e-01
1.055956352502107620e-02,9.894405007362365723e-01
1.316102687269449234e-03,9.986838698387145996e-01
5.404121242463588715e-03,9.945959448814392090e-01
3.119007684290409088e-03,9.968810081481933594e-01
1.214645453728735447e-03,9.987853169441223145e-01
1.874799374490976334e-03,9.981252551078796387e-01
9.130722028203308582e-04,9.990869760513305664e-01
5.986753967590630054e-04,9.994013309478759766e-01
1.292462402489036322e-04,9.998707771301269531e-01
2.839829539880156517e-04,9.997159838676452637e-01
2.718706382438540459e-03,9.972813129425048828e-01
2.665115986019372940e-03,9.973348975181579590e-01
1.763248257339000702e-02,9.823675155639648438e-01
1.849658903665840626e-03,9.981503486633300781e-01
4.466913174837827682e-03,9.955331087112426758e-01
1.626677578315138817e-03,9.983732700347900391e-01
6.946033099666237831e-04,9.993053674697875977e-01
6.465987535193562508e-04,9.993533492088317871e-01
2.443994861096143723e-03,9.975559711456298828e-01
2.859142841771245003e-03,9.971408843994140625e-01
1.866243896074593067e-03,9.981338381767272949e-01
4.260552814230322838e-04,9.995738863945007324e-01
1.699708402156829834e-03,9.983003735542297363e-01
1.112787239253520966e-02,9.888721108436584473e-01
1.048155687749385834e-02,9.895184636116027832e-01
1.493467763066291809e-02,9.850652813911437988e-01
2.908381633460521698e-03,9.970916509628295898e-01
5.327058606781065464e-04,9.994673132896423340e-01
6.500951945781707764e-03,9.934990406036376953e-01
3.283078083768486977e-03,9.967169165611267090e-01
9.084996418096125126e-04,9.990915060043334961e-01
3.202012972906231880e-03,9.967979788780212402e-01
1.931999810039997101e-02,9.806799888610839844e-01
4.633309785276651382e-03,9.953666925430297852e-01
1.065858872607350349e-03,9.989340901374816895e-01
8.540323935449123383e-03,9.914596080780029297e-01
1.252284389920532703e-03,9.987477064132690430e-01
7.551038172096014023e-03,9.924489259719848633e-01
6.110478425398468971e-04,9.993889331817626953e-01
9.692222229205071926e-04,9.990308284759521484e-01
2.690022578462958336e-03,9.973100423812866211e-01
3.292688634246587753e-04,9.996707439422607422e-01
1.681469439063221216e-04,9.998317956924438477e-01
2.322161570191383362e-03,9.976778626441955566e-01
2.137491246685385704e-03,9.978625178337097168e-01
1.868024817667901516e-03,9.981320500373840332e-01
2.828719327226281166e-03,9.971713423728942871e-01
1.898029120638966560e-03,9.981020092964172363e-01
2.018115017563104630e-03,9.979819059371948242e-01
2.326023241039365530e-04,9.997673630714416504e-01
1.799854682758450508e-03,9.982000589370727539e-01
3.409880213439464569e-03,9.965901374816894531e-01
8.571907877922058105e-03,9.914280772209167480e-01
4.993055947124958038e-03,9.950069189071655273e-01
1.174618606455624104e-03,9.988253712654113770e-01
2.914889249950647354e-03,9.970851540565490723e-01
4.199211951345205307e-03,9.958007931709289551e-01
2.001939807087182999e-03,9.979980587959289551e-01
9.620402124710381031e-04,9.990379810333251953e-01
1.339786918833851814e-03,9.986602067947387695e-01
1.706702169030904770e-03,9.982933402061462402e-01
3.443200141191482544e-03,9.965568780899047852e-01
8.744851802475750446e-04,9.991255402565002441e-01
2.582226647064089775e-03,9.974178075790405273e-01
1.742497435770928860e-03,9.982574582099914551e-01
1.414804370142519474e-03,9.985852241516113281e-01
6.118853925727307796e-04,9.993880987167358398e-01
2.049752278253436089e-03,9.979502558708190918e-01
2.357331570237874985e-03,9.976426959037780762e-01
4.546693991869688034e-03,9.954532384872436523e-01
4.933556774631142616e-04,9.995065927505493164e-01
5.210651084780693054e-03,9.947893619537353516e-01
8.208688348531723022e-03,9.917913675308227539e-01
1.486860122531652451e-02,9.851314425468444824e-01
1.071943528950214386e-02,9.892806410789489746e-01
6.754653993993997574e-03,9.932454228401184082e-01
1.211159396916627884e-03,9.987888932228088379e-01
1.463437569327652454e-03,9.985365867614746094e-01
4.586137831211090088e-03,9.954138398170471191e-01
6.757578812539577484e-03,9.932424426078796387e-01
9.087866172194480896e-03,9.909120798110961914e-01
1.057704351842403412e-02,9.894229769706726074e-01
5.137778352946043015e-03,9.948622584342956543e-01
1.121584093198180199e-03,9.988784193992614746e-01
1.666853640927001834e-04,9.998333454132080078e-01
4.529611614998430014e-04,9.995470643043518066e-01
5.920961848460137844e-04,9.994078874588012695e-01
6.658032536506652832e-03,9.933419823646545410e-01
3.465166781097650528e-03,9.965348243713378906e-01
1.607286045327782631e-03,9.983926415443420410e-01
1.431222073733806610e-03,9.985687732696533203e-01
1.181904459372162819e-03,9.988180994987487793e-01
5.624747718684375286e-04,9.994375109672546387e-01
1.287683937698602676e-02,9.871231317520141602e-01
6.664393935352563858e-03,9.933356046676635742e-01
2.659565303474664688e-03,9.973403811454772949e-01
2.646559616550803185e-03,9.973534345626831055e-01
2.715634880587458611e-03,9.972844123840332031e-01
1.617966685444116592e-03,9.983820915222167969e-01
3.852688940241932869e-03,9.961472749710083008e-01
3.008577972650527954e-03,9.969913959503173828e-01
1.218161429278552532e-03,9.987818598747253418e-01
1.362357754260301590e-03,9.986376166343688965e-01
1.404978800565004349e-03,9.985950589179992676e-01
9.239053470082581043e-04,9.990761280059814453e-01
2.997606294229626656e-03,9.970024228096008301e-01
7.188504096120595932e-03,9.928115010261535645e-01
1.622194657102227211e-03,9.983777999877929688e-01
1.680357614532113075e-03,9.983195662498474121e-01
5.841214675456285477e-03,9.941587448120117188e-01
6.972717586904764175e-03,9.930272698402404785e-01
6.980703328736126423e-04,9.993019104003906250e-01
2.497654408216476440e-03,9.975023865699768066e-01
6.381895393133163452e-03,9.936181306838989258e-01
1.139699574559926987e-02,9.886029958724975586e-01
2.018115017563104630e-03,9.979819059371948242e-01
2.141871023923158646e-03,9.978581070899963379e-01
1.022974262014031410e-03,9.989770650863647461e-01
4.416609008330851793e-04,9.995582699775695801e-01
7.321296725422143936e-04,9.992678761482238770e-01
7.582309190183877945e-03,9.924176931381225586e-01
2.113872906193137169e-03,9.978861212730407715e-01
2.553286729380488396e-03,9.974467754364013672e-01
9.863704908639192581e-04,9.990136623382568359e-01
5.834871437400579453e-03,9.941651225090026855e-01
2.817819127812981606e-03,9.971822500228881836e-01
8.114313241094350815e-04,9.991886019706726074e-01
8.488031453453004360e-04,9.991512298583984375e-01
1.153785269707441330e-03,9.988461732864379883e-01
3.511449787765741348e-03,9.964885711669921875e-01
1.532007241621613503e-03,9.984679818153381348e-01
1.398134278133511543e-03,9.986018538475036621e-01
2.348080044612288475e-03,9.976519942283630371e-01
5.397379864007234573e-03,9.946026206016540527e-01
1.286678481847047806e-03,9.987133741378784180e-01
3.040691604837775230e-03,9.969593286514282227e-01
2.162486314773559570e-03,9.978374838829040527e-01
1.395414001308381557e-03,9.986045956611633301e-01
1.194205018691718578e-03,9.988057613372802734e-01
8.599163847975432873e-04,9.991400241851806641e-01
2.638578880578279495e-03,9.973613619804382324e-01
1.679500448517501354e-03,9.983205199241638184e-01
7.643666467629373074e-04,9.992356300354003906e-01
4.937584511935710907e-03,9.950624108314514160e-01
1.997311366721987724e-03,9.980027079582214355e-01
1.401403686031699181e-03,9.985986351966857910e-01
3.829191671684384346e-03,9.961708188056945801e-01
9.706143755465745926e-04,9.990293979644775391e-01
1.301691867411136627e-03,9.986982345581054688e-01
1.746341236867010593e-03,9.982536435127258301e-01
3.988527227193117142e-03,9.960114955902099609e-01
4.782956675626337528e-04,9.995217323303222656e-01
9.208104573190212250e-03,9.907919168472290039e-01
2.389352302998304367e-03,9.976106882095336914e-01
2.231281716376543045e-03,9.977687597274780273e-01
1.416124170646071434e-03,9.985839128494262695e-01
7.594748865813016891e-03,9.924052357673645020e-01
4.280065186321735382e-03,9.957199692726135254e-01
1.358901336789131165e-02,9.864110350608825684e-01
3.527882508933544159e-03,9.964721202850341797e-01
2.383664483204483986e-03,9.976164102554321289e-01
2.500839764252305031e-04,9.997499585151672363e-01
3.183347405865788460e-03,9.968166947364807129e-01
2.358405850827693939e-03,9.976415634155273438e-01
2.973434748128056526e-03,9.970266222953796387e-01
3.839522833004593849e-03,9.961605072021484375e-01
2.626158995553851128e-03,9.973738193511962891e-01
2.919300924986600876e-03,9.970806241035461426e-01
1.065897010266780853e-02,9.893410801887512207e-01
4.647292953450232744e-04,9.995353221893310547e-01
1.885574194602668285e-03,9.981144666671752930e-01
1.176209188997745514e-03,9.988238215446472168e-01
5.420247907750308514e-04,9.994580149650573730e-01
6.680774968117475510e-03,9.933192729949951172e-01
3.079917049035429955e-03,9.969201087951660156e-01
8.611249504610896111e-04,9.991388320922851562e-01
2.360760932788252831e-03,9.976392984390258789e-01
1.051821163855493069e-03,9.989481568336486816e-01
2.102973870933055878e-03,9.978970289230346680e-01
1.801232923753559589e-03,9.981988072395324707e-01
8.702461607754230499e-03,9.912976026535034180e-01
6.246567238122224808e-03,9.937534928321838379e-01
4.053609911352396011e-03,9.959463477134704590e-01
1.155564445070922375e-03,9.988443851470947266e-01
2.865466289222240448e-03,9.971345663070678711e-01
1.938387751579284668e-03,9.980615973472595215e-01
1.064367359504103661e-03,9.989356398582458496e-01
3.306222613900899887e-03,9.966937303543090820e-01
1.426465692929923534e-03,9.985735416412353516e-01
1.473234267905354500e-03,9.985266923904418945e-01
2.829754026606678963e-03,9.971702694892883301e-01
1.006033387966454029e-03,9.989939332008361816e-01
1.341405604034662247e-02,9.865859746932983398e-01
1.511897076852619648e-03,9.984880685806274414e-01
6.295011844485998154e-04,9.993705153465270996e-01
2.574441954493522644e-03,9.974254965782165527e-01
4.628017544746398926e-03,9.953719973564147949e-01
2.007300266996026039e-03,9.979927539825439453e-01
5.810746457427740097e-03,9.941892623901367188e-01
1.094580977223813534e-03,9.989054203033447266e-01
1.067504170350730419e-03,9.989325404167175293e-01
5.415527848526835442e-04,9.994584918022155762e-01
7.409743848256766796e-04,9.992590546607971191e-01
4.061767365783452988e-03,9.959381818771362305e-01
4.781691823154687881e-03,9.952183365821838379e-01
1.646611490286886692e-03,9.983533620834350586e-01
3.043290227651596069e-03,9.969567060470581055e-01
6.333891069516539574e-04,9.993665814399719238e-01
3.583932993933558464e-03,9.964160919189453125e-01
2.016394399106502533e-03,9.979835748672485352e-01
1.326382975094020367e-03,9.986736774444580078e-01
1.636833534575998783e-03,9.983631968498229980e-01
2.656321739777922630e-03,9.973437190055847168e-01
4.672144073992967606e-03,9.953278303146362305e-01
3.864896018058061600e-03,9.961351156234741211e-01
9.699497022666037083e-04,9.990301132202148438e-01
4.886233946308493614e-04,9.995113611221313477e-01
6.472789100371301174e-04,9.993527531623840332e-01
5.439465865492820740e-03,9.945605397224426270e-01
5.366889294236898422e-03,9.946330785751342773e-01
1.291237422265112400e-03,9.987087249755859375e-01
2.100337529554963112e-03,9.978996515274047852e-01
1.667794189415872097e-03,9.983322024345397949e-01
2.671703230589628220e-03,9.973282814025878906e-01
8.186245337128639221e-03,9.918137788772583008e-01
5.764286499470472336e-03,9.942356944084167480e-01
2.282914938405156136e-03,9.977171421051025391e-01
8.979906560853123665e-04,9.991019964218139648e-01
1.163653563708066940e-03,9.988363385200500488e-01
8.036446524783968925e-04,9.991963505744934082e-01
4.390041576698422432e-04,9.995610117912292480e-01
1.051198132336139679e-02,9.894880056381225586e-01
5.035339388996362686e-03,9.949647188186645508e-01
6.976187578402459621e-04,9.993023872375488281e-01
2.035564975813031197e-03,9.979645013809204102e-01
5.939227063208818436e-03,9.940606951713562012e-01
3.993772435933351517e-03,9.960061907768249512e-01
1.412251498550176620e-03,9.985877275466918945e-01
1.224225736223161221e-03,9.987757802009582520e-01
1.567089697346091270e-03,9.984329342842102051e-01
9.252157178707420826e-04,9.990748167037963867e-01
8.264859789051115513e-04,9.991734623908996582e-01
1.413390506058931351e-03,9.985866546630859375e-01
7.669819053262472153e-03,9.923302531242370605e-01
8.413145318627357483e-03,9.915869235992431641e-01
3.844225313514471054e-03,9.961557984352111816e-01
2.502422314137220383e-03,9.974974989891052246e-01
1.197867095470428467e-03,9.988021850585937500e-01
1.096526393666863441e-03,9.989035129547119141e-01
1.454846817068755627e-03,9.985451698303222656e-01
2.645985456183552742e-03,9.973540306091308594e-01
1.805154373869299889e-03,9.981948733329772949e-01
1.676321262493729591e-03,9.983236193656921387e-01
8.039897307753562927e-03,9.919601082801818848e-01
3.666095435619354248e-03,9.963338375091552734e-01
1.666450523771345615e-03,9.983335137367248535e-01
2.403343562036752701e-03,9.975966811180114746e-01
3.361429553478956223e-03,9.966385364532470703e-01
1.434019533917307854e-03,9.985659718513488770e-01
1.648807083256542683e-03,9.983512163162231445e-01
5.687262746505439281e-04,9.994311928749084473e-01
7.777702994644641876e-04,9.992222785949707031e-01
2.245350275188684464e-03,9.977546334266662598e-01
3.639445174485445023e-03,9.963605999946594238e-01
2.899571089074015617e-03,9.971004128456115723e-01
2.201146446168422699e-03,9.977988600730895996e-01
1.863279496319591999e-03,9.981366395950317383e-01
2.951442264020442963e-03,9.970485568046569824e-01
4.055751196574419737e-04,9.995943903923034668e-01
2.371984301134943962e-03,9.976280331611633301e-01
1.319619012065231800e-03,9.986804127693176270e-01
2.239014953374862671e-03,9.977610111236572266e-01
1.857712166383862495e-03,9.981422424316406250e-01
9.756803628988564014e-04,9.990242719650268555e-01
2.656321739777922630e-03,9.973437190055847168e-01
3.695861436426639557e-03,9.963041543960571289e-01
5.530777852982282639e-03,9.944691658020019531e-01
4.260840360075235367e-03,9.957392215728759766e-01
6.702954997308552265e-04,9.993296861648559570e-01
2.031133044511079788e-03,9.979688525199890137e-01
1.310137100517749786e-03,9.986898303031921387e-01
1.412394805811345577e-03,9.985876083374023438e-01
1.568282255902886391e-03,9.984317421913146973e-01
2.243342809379100800e-03,9.977566599845886230e-01
4.009387048427015543e-04,9.995990395545959473e-01
8.966349996626377106e-03,9.910336136817932129e-01
3.495686221867799759e-03,9.965043067932128906e-01
1.293352688662707806e-03,9.987066984176635742e-01
3.904252313077449799e-03,9.960957169532775879e-01
3.247852437198162079e-03,9.967521429061889648e-01
2.233564388006925583e-03,9.977664947509765625e-01
6.742050172761082649e-04,9.993258714675903320e-01
8.385889232158660889e-04,9.991614818572998047e-01
8.404399268329143524e-04,9.991595745086669922e-01
4.336353857070207596e-03,9.956637024879455566e-01
1.743256696499884129e-03,9.982567429542541504e-01
1.453476725146174431e-03,9.985465407371520996e-01
5.376045592129230499e-03,9.946240186691284180e-01
2.882898086681962013e-03,9.971171617507934570e-01
8.083050488494336605e-04,9.991917014122009277e-01
9.464527829550206661e-04,9.990535378456115723e-01
4.763699136674404144e-03,9.952363371849060059e-01
5.823130486533045769e-04,9.994176626205444336e-01
7.145565468817949295e-03,9.928544163703918457e-01
2.233564388006925583e-03,9.977664947509765625e-01
7.574179326184093952e-04,9.992426633834838867e-01
5.866156425327062607e-03,9.941338896751403809e-01
3.093777690082788467e-03,9.969062209129333496e-01
2.524383366107940674e-03,9.974755644798278809e-01
3.868314204737544060e-03,9.961316585540771484e-01
4.759279079735279083e-03,9.952406883239746094e-01
4.693814553320407867e-03,9.953061938285827637e-01
3.568583633750677109e-03,9.964313507080078125e-01
1.576221780851483345e-03,9.984238147735595703e-01
1.299870549701154232e-03,9.987001419067382812e-01
2.203921321779489517e-03,9.977960586547851562e-01
8.077891543507575989e-04,9.991921782493591309e-01
2.649681642651557922e-03,9.973503351211547852e-01
1.315769972279667854e-03,9.986842274665832520e-01
1.136280479840934277e-03,9.988636970520019531e-01
5.744209629483520985e-04,9.994256496429443359e-01
4.354122094810009003e-03,9.956458210945129395e-01
9.961966425180435181e-04,9.990038275718688965e-01
3.917989786714315414e-03,9.960820078849792480e-01
3.268623724579811096e-03,9.967314004898071289e-01
3.060192568227648735e-03,9.969397783279418945e-01
5.202374421060085297e-03,9.947975873947143555e-01
4.073129035532474518e-03,9.959267973899841309e-01
2.519240370020270348e-03,9.974808096885681152e-01
1.407235278747975826e-03,9.985927939414978027e-01
1.184787601232528687e-03,9.988151788711547852e-01
1.695281127467751503e-03,9.983047246932983398e-01
3.895089263096451759e-03,9.961049556732177734e-01
1.768001588061451912e-03,9.982320666313171387e-01
1.846894738264381886e-03,9.981530308723449707e-01
1.883109100162982941e-03,9.981169700622558594e-01
1.605657045729458332e-03,9.983943104743957520e-01
5.803373060189187527e-04,9.994196891784667969e-01
5.156184197403490543e-04,9.994843006134033203e-01
2.806207397952675819e-03,9.971938133239746094e-01
1.954238163307309151e-03,9.980458021163940430e-01
4.199051763862371445e-04,9.995800852775573730e-01
1.080644549801945686e-03,9.989193677902221680e-01
2.498499350622296333e-03,9.975015521049499512e-01
1.748176990076899529e-03,9.982518553733825684e-01
8.654691628180444241e-04,9.991346001625061035e-01
2.092770533636212349e-03,9.979072809219360352e-01
3.104108851402997971e-03,9.968959093093872070e-01
1.271406421437859535e-03,9.987285733222961426e-01
2.787430421449244022e-04,9.997212290763854980e-01
4.557485226541757584e-03,9.954425096511840820e-01
1.203997293487191200e-03,9.987959861755371094e-01
1.456077676266431808e-03,9.985439777374267578e-01
1.157813239842653275e-03,9.988421797752380371e-01
1.373960403725504875e-03,9.986261129379272461e-01
1.593810506165027618e-03,9.984062314033508301e-01
2.151561202481389046e-03,9.978483915328979492e-01
1.751974690705537796e-03,9.982481002807617188e-01
7.972574094310402870e-04,9.992027878761291504e-01
1.615000539459288120e-03,9.983849525451660156e-01
1.078063156455755234e-03,9.989219903945922852e-01
1.531029352918267250e-03,9.984689354896545410e-01
4.260463174432516098e-03,9.957395792007446289e-01
2.361876424401998520e-03,9.976381063461303711e-01
1.653487212024629116e-03,9.983465671539306641e-01
8.222840842790901661e-04,9.991777539253234863e-01
1.568901934660971165e-03,9.984310269355773926e-01
1.878688344731926918e-03,9.981213212013244629e-01
1.903909724205732346e-03,9.980960488319396973e-01
2.848593983799219131e-03,9.971514344215393066e-01
3.654995001852512360e-03,9.963449835777282715e-01
6.483279168605804443e-03,9.935166835784912109e-01
9.408125653862953186e-03,9.905918240547180176e-01
3.598748473450541496e-03,9.964011907577514648e-01
8.457172079943120480e-04,9.991543292999267578e-01
8.552956860512495041e-04,9.991446733474731445e-01
6.703076651319861412e-04,9.993296861648559570e-01
2.509210258722305298e-03,9.974907636642456055e-01
2.118918113410472870e-03,9.978809952735900879e-01
1.282397657632827759e-03,9.987176656723022461e-01
5.093096406199038029e-04,9.994906187057495117e-01
1.453003264032304287e-03,9.985470175743103027e-01
1.808588509447872639e-03,9.981914162635803223e-01
1.475718687288463116e-03,9.985242486000061035e-01
6.637024343945086002e-04,9.993363022804260254e-01
8.846475975587964058e-04,9.991152882575988770e-01
1.467769616283476353e-03,9.985321760177612305e-01
2.096209209412336349e-03,9.979038238525390625e-01
3.298458410426974297e-03,9.967015385627746582e-01
2.053703647106885910e-03,9.979463219642639160e-01
8.088613394647836685e-04,9.991911053657531738e-01
6.127492524683475494e-03,9.938725233078002930e-01
1.460044411942362785e-03,9.985399246215820312e-01
6.605035159736871719e-03,9.933950304985046387e-01
1.445114961825311184e-03,9.985548853874206543e-01
2.199648180976510048e-03,9.978002905845642090e-01
5.656704772263765335e-03,9.943432807922363281e-01
2.737716306000947952e-03,9.972622394561767578e-01
1.330979634076356888e-03,9.986690282821655273e-01
2.758428920060396194e-03,9.972416162490844727e-01
1.456347876228392124e-03,9.985436201095581055e-01
4.427185049280524254e-04,9.995573163032531738e-01
2.403896767646074295e-03,9.975960850715637207e-01
1.272706314921379089e-03,9.987272620201110840e-01
1.583192031830549240e-03,9.984167814254760742e-01
4.122525453567504883e-03,9.958775043487548828e-01
9.024286642670631409e-03,9.909756779670715332e-01
4.727711901068687439e-03,9.952723383903503418e-01
3.917989786714315414e-03,9.960820078849792480e-01
1.214967225678265095e-03,9.987850785255432129e-01
1.096345251426100731e-03,9.989036321640014648e-01
1.444265362806618214e-03,9.985557198524475098e-01
3.624276025220751762e-03,9.963757395744323730e-01
3.551707370206713676e-03,9.964482784271240234e-01
1.383611350320279598e-03,9.986163377761840820e-01
3.456196282058954239e-03,9.965438246726989746e-01
2.723710378631949425e-03,9.972762465476989746e-01
5.733036668971180916e-04,9.994267225265502930e-01
2.593298209831118584e-03,9.974066615104675293e-01
1.232818351127207279e-03,9.987672567367553711e-01
2.605886897072196007e-03,9.973940849304199219e-01
1.134913181886076927e-03,9.988651275634765625e-01
5.935539957135915756e-04,9.994064569473266602e-01
3.625493263825774193e-03,9.963744282722473145e-01
2.092748647555708885e-03,9.979072809219360352e-01
1.809970592148602009e-03,9.981899857521057129e-01
1.214967225678265095e-03,9.987850785255432129e-01
1.469811657443642616e-03,9.985301494598388672e-01
1.006143516860902309e-03,9.989938139915466309e-01
5.871908506378531456e-04,9.994127750396728516e-01
5.236816592514514923e-03,9.947631955146789551e-01
1.371516264043748379e-03,9.986284971237182617e-01
3.242552629671990871e-04,9.996757507324218750e-01
2.299009589478373528e-03,9.977009892463684082e-01
2.058755140751600266e-03,9.979411959648132324e-01
4.120387311559170485e-04,9.995879530906677246e-01
6.342314882203936577e-04,9.993657469749450684e-01
7.338803727179765701e-03,9.926612377166748047e-01
3.712219418957829475e-03,9.962878227233886719e-01
1.917902613058686256e-03,9.980821609497070312e-01
2.498499350622296333e-03,9.975015521049499512e-01
2.257966669276356697e-03,9.977420568466186523e-01
4.166598664596676826e-04,9.995833039283752441e-01
3.363311756402254105e-03,9.966366291046142578e-01
1.926368684507906437e-03,9.980735778808593750e-01
1.325116376392543316e-03,9.986748695373535156e-01
9.834943339228630066e-04,9.990165233612060547e-01
2.124605467543005943e-03,9.978754520416259766e-01
6.731299217790365219e-04,9.993269443511962891e-01
5.900215357542037964e-03,9.940998554229736328e-01
3.297339193522930145e-03,9.967026114463806152e-01
2.158269984647631645e-03,9.978417158126831055e-01
1.763671985827386379e-03,9.982362985610961914e-01
5.725811934098601341e-04,9.994274377822875977e-01
3.266049083322286606e-03,9.967340230941772461e-01
1.196291297674179077e-03,9.988037347793579102e-01
9.113672422245144844e-04,9.990886449813842773e-01
1.231195987202227116e-03,9.987687468528747559e-01
3.036615205928683281e-03,9.969633221626281738e-01
4.820373724214732647e-04,9.995179176330566406e-01
3.520983271300792694e-03,9.964789748191833496e-01
5.915216635912656784e-03,9.940847754478454590e-01
4.595918115228414536e-03,9.954041242599487305e-01
1.010946463793516159e-03,9.989890456199645996e-01
2.886671340093016624e-03,9.971133470535278320e-01
1.252568908967077732e-03,9.987474679946899414e-01
2.155655063688755035e-03,9.978443384170532227e-01
1.483109313994646072e-03,9.985168576240539551e-01
1.237636781297624111e-03,9.987623691558837891e-01
1.237636781297624111e-03,9.987623691558837891e-01
1.494234078563749790e-03,9.985058307647705078e-01
1.246975851245224476e-03,9.987530708312988281e-01
3.577704075723886490e-03,9.964222908020019531e-01
7.365236524492502213e-04,9.992634654045104980e-01
4.877790051978081465e-04,9.995121955871582031e-01
2.978174015879631042e-03,9.970218539237976074e-01
1.264858641661703587e-03,9.987351298332214355e-01
1.757637248374521732e-03,9.982423782348632812e-01
1.983565511181950569e-03,9.980164766311645508e-01
2.100311452522873878e-03,9.978996515274047852e-01
1.256433664821088314e-03,9.987435936927795410e-01
8.233943372033536434e-04,9.991765618324279785e-01
3.254500217735767365e-03,9.967454671859741211e-01
8.938142564147710800e-04,9.991061091423034668e-01
1.040717004798352718e-03,9.989593029022216797e-01
1.284333760850131512e-03,9.987156391143798828e-01
1.146514317952096462e-03,9.988534450531005859e-01
1.213401649147272110e-02,9.878659844398498535e-01
2.554495120421051979e-03,9.974454641342163086e-01
3.423441667109727859e-04,9.996576309204101562e-01
6.097013829275965691e-04,9.993902444839477539e-01
1.467460067942738533e-03,9.985325336456298828e-01
4.688933840952813625e-04,9.995311498641967773e-01
1.733260578475892544e-03,9.982666969299316406e-01
1.177961006760597229e-03,9.988220334053039551e-01
1.605461351573467255e-03,9.983945488929748535e-01
1.496440963819622993e-03,9.985035657882690430e-01
2.208321588113903999e-03,9.977916479110717773e-01
3.345826407894492149e-03,9.966541528701782227e-01
7.080443319864571095e-04,9.992918968200683594e-01
1.180042629130184650e-03,9.988198876380920410e-01
1.943216426298022270e-03,9.980567097663879395e-01
1.284333760850131512e-03,9.987156391143798828e-01
1.162909204140305519e-03,9.988370537757873535e-01
1.940126414410769939e-03,9.980598092079162598e-01
1.008976367302238941e-03,9.989910721778869629e-01
1.784931635484099388e-03,9.982150793075561523e-01
3.939811605960130692e-03,9.960601925849914551e-01
3.140843939036130905e-03,9.968591928482055664e-01
9.755893261171877384e-04,9.990243911743164062e-01
1.250254688784480095e-03,9.987497329711914062e-01
5.203458713367581367e-04,9.994797110557556152e-01
4.026819660793989897e-04,9.995973706245422363e-01
1.259706681594252586e-03,9.987402558326721191e-01
1.180147170089185238e-03,9.988198876380920410e-01
1.618142938241362572e-03,9.983818531036376953e-01
3.522374026942998171e-04,9.996477365493774414e-01
8.960722479969263077e-04,9.991038441658020020e-01
2.525962656363844872e-03,9.974740147590637207e-01
1.459694700315594673e-03,9.985402822494506836e-01
2.868009265512228012e-03,9.971319437026977539e-01
1.943216426298022270e-03,9.980567097663879395e-01
9.804677683860063553e-04,9.990195035934448242e-01
1.581492484547197819e-03,9.984184503555297852e-01
1.957214437425136566e-03,9.980427026748657227e-01
2.092199400067329407e-03,9.979078769683837891e-01
1.268815132789313793e-03,9.987311959266662598e-01
4.354849457740783691e-03,9.956451654434204102e-01
1.530737848952412605e-03,9.984692931175231934e-01
3.598748473450541496e-03,9.964011907577514648e-01
3.671582788228988647e-03,9.963284134864807129e-01
2.953443909063935280e-03,9.970465302467346191e-01
1.177961006760597229e-03,9.988220334053039551e-01
1.061868737451732159e-03,9.989381432533264160e-01
3.589518833905458450e-03,9.964104294776916504e-01
1.227191835641860962e-02,9.877281188964843750e-01
2.114314585924148560e-03,9.978856444358825684e-01
7.529157446697354317e-04,9.992470741271972656e-01
1.349846832454204559e-03,9.986501336097717285e-01
1.566035789437592030e-03,9.984340071678161621e-01
1.944149960763752460e-03,9.980559349060058594e-01
3.354525659233331680e-03,9.966453909873962402e-01
2.601158106699585915e-03,9.973988533020019531e-01
2.140968339517712593e-03,9.978590607643127441e-01
1.134913181886076927e-03,9.988651275634765625e-01
1.080388668924570084e-03,9.989196062088012695e-01
1.863881712779402733e-03,9.981360435485839844e-01
3.500383580103516579e-03,9.964996576309204102e-01
1.080388668924570084e-03,9.989196062088012695e-01
2.394821029156446457e-03,9.976052045822143555e-01
9.163940558210015297e-04,9.990836381912231445e-01
5.688959732651710510e-03,9.943110942840576172e-01
1.706347102299332619e-03,9.982936978340148926e-01
1.918584574013948441e-03,9.980814456939697266e-01
1.134913181886076927e-03,9.988651275634765625e-01
1.306320540606975555e-03,9.986936450004577637e-01
1.091533224098384380e-03,9.989085197448730469e-01
1.146985683590173721e-03,9.988529682159423828e-01
8.352947770617902279e-04,9.991647005081176758e-01
2.916173078119754791e-03,9.970838427543640137e-01
1.572748995386064053e-03,9.984272718429565430e-01
1.237636781297624111e-03,9.987623691558837891e-01
1.472214818932116032e-03,9.985277652740478516e-01
1.228090841323137283e-03,9.987718462944030762e-01
1.400298904627561569e-03,9.985997080802917480e-01
1.378489891067147255e-03,9.986214637756347656e-01
2.573155565187335014e-03,9.974268078804016113e-01
5.723244394175708294e-04,9.994276165962219238e-01
3.548804204910993576e-03,9.964511394500732422e-01
1.087329932488501072e-03,9.989126920700073242e-01
9.316932410001754761e-04,9.990683197975158691e-01
1.053004874847829342e-03,9.989469647407531738e-01
1.568398787640035152e-03,9.984316229820251465e-01
9.908901993185281754e-04,9.990091323852539062e-01
1.177961006760597229e-03,9.988220334053039551e-01
1.469687093049287796e-03,9.985302686691284180e-01
1.514738891273736954e-03,9.984852671623229980e-01
1.784229069016873837e-03,9.982157945632934570e-01
1.936197862960398197e-03,9.980637431144714355e-01
1.091533224098384380e-03,9.989085197448730469e-01
7.903580553829669952e-04,9.992096424102783203e-01
1.546508749015629292e-03,9.984534978866577148e-01
7.235193625092506409e-04,9.992764592170715332e-01
1.233544666320085526e-03,9.987664222717285156e-01
4.135884810239076614e-03,9.958641529083251953e-01
1.715412945486605167e-03,9.982845187187194824e-01
9.567550150677561760e-04,9.990431666374206543e-01
1.161236315965652466e-03,9.988388419151306152e-01
5.491022020578384399e-04,9.994508624076843262e-01
1.179688493721187115e-03,9.988202452659606934e-01
8.946194429881870747e-04,9.991053938865661621e-01
1.400298904627561569e-03,9.985997080802917480e-01
6.637662299908697605e-04,9.993361830711364746e-01
2.176478737965226173e-03,9.978235960006713867e-01
1.861848752014338970e-03,9.981381893157958984e-01
1.236146315932273865e-02,9.876385927200317383e-01
6.745220161974430084e-03,9.932548403739929199e-01
3.671176033094525337e-03,9.963287711143493652e-01
2.447361359372735023e-03,9.975526928901672363e-01
1.319674891419708729e-03,9.986802935600280762e-01
1.091533224098384380e-03,9.989085197448730469e-01
1.868781400844454765e-03,9.981312155723571777e-01
1.488695503212511539e-03,9.985112547874450684e-01
2.997482661157846451e-03,9.970025420188903809e-01
1.715412945486605167e-03,9.982845187187194824e-01
7.644388242624700069e-04,9.992356300354003906e-01
1.080388668924570084e-03,9.989196062088012695e-01
1.017157570458948612e-03,9.989828467369079590e-01
1.190405455417931080e-03,9.988095760345458984e-01
1.580458367243409157e-03,9.984195232391357422e-01
2.895736834034323692e-03,9.971042275428771973e-01
1.287043211050331593e-03,9.987130165100097656e-01
9.908901993185281754e-04,9.990091323852539062e-01
1.284333760850131512e-03,9.987156391143798828e-01
6.658077705651521683e-03,9.933419823646545410e-01
4.958935896866023540e-04,9.995040893554687500e-01
1.221073092892765999e-03,9.987788796424865723e-01
1.450109411962330341e-03,9.985498785972595215e-01
2.260931069031357765e-03,9.977390766143798828e-01
9.858467383310198784e-04,9.990141391754150391e-01
1.071079517714679241e-03,9.989288449287414551e-01
1.906637218780815601e-03,9.980933070182800293e-01
1.196291297674179077e-03,9.988037347793579102e-01
1.719232997857034206e-03,9.982807636260986328e-01
1.317053218372166157e-03,9.986829161643981934e-01
1.730842282995581627e-03,9.982690811157226562e-01
1.533728791400790215e-03,9.984662532806396484e-01
4.763124161399900913e-04,9.995236396789550781e-01
1.126023591496050358e-03,9.988740086555480957e-01
1.317053218372166157e-03,9.986829161643981934e-01
1.576468115672469139e-03,9.984235763549804688e-01
1.635263557545840740e-03,9.983647465705871582e-01
2.882242901250720024e-03,9.971177577972412109e-01
1.651081838645040989e-03,9.983489513397216797e-01
1.100252498872578144e-03,9.988996982574462891e-01
9.329807944595813751e-04,9.990670084953308105e-01
9.087984217330813408e-04,9.990912675857543945e-01
9.908901993185281754e-04,9.990091323852539062e-01
1.177961006760597229e-03,9.988220334053039551e-01
1.265130820684134960e-03,9.987348914146423340e-01
2.056477824226021767e-03,9.979434609413146973e-01
6.214934983290731907e-04,9.993784427642822266e-01
1.753920572809875011e-03,9.982460737228393555e-01
3.258221084251999855e-03,9.967418313026428223e-01
1.450109411962330341e-03,9.985498785972595215e-01
9.543356718495488167e-04,9.990456700325012207e-01
9.771025506779551506e-04,9.990228414535522461e-01
1.679234090261161327e-03,9.983207583427429199e-01
1.460515987128019333e-02,9.853948354721069336e-01
1.067289966158568859e-03,9.989326596260070801e-01
1.126023591496050358e-03,9.988740086555480957e-01
9.908901993185281754e-04,9.990091323852539062e-01
1.800566096790134907e-03,9.981994628906250000e-01
4.359412414487451315e-04,9.995639920234680176e-01
1.219326863065361977e-03,9.987806677818298340e-01
9.908901993185281754e-04,9.990091323852539062e-01
1.220427919179201126e-03,9.987795948982238770e-01
1.495989388786256313e-03,9.985040426254272461e-01
1.272648805752396584e-03,9.987273812294006348e-01
1.391685195267200470e-02,9.860830903053283691e-01
2.114314585924148560e-03,9.978856444358825684e-01
1.959574408829212189e-03,9.980404973030090332e-01
1.557183917611837387e-03,9.984428286552429199e-01
6.187226390466094017e-04,9.993813037872314453e-01
1.080388668924570084e-03,9.989196062088012695e-01
1.296119182370603085e-03,9.987038373947143555e-01
1.284938678145408630e-02,9.871505498886108398e-01
1.355288666673004627e-03,9.986447691917419434e-01
1.191703253425657749e-03,9.988082647323608398e-01
1.770114409737288952e-03,9.982299208641052246e-01
1.590168685652315617e-03,9.984097480773925781e-01
3.282040823251008987e-03,9.967179894447326660e-01
3.282040823251008987e-03,9.967179894447326660e-01
1.101236441172659397e-03,9.988987445831298828e-01
1.073607476428151131e-03,9.989263415336608887e-01
1.420490210875868797e-03,9.985795021057128906e-01
1.101845642551779747e-03,9.988981485366821289e-01
5.808776710182428360e-03,9.941912293434143066e-01
3.310953965410590172e-03,9.966890215873718262e-01
8.595383842475712299e-04,9.991403818130493164e-01
1.237636781297624111e-03,9.987623691558837891e-01
7.381066679954528809e-04,9.992619156837463379e-01
1.810074411332607269e-02,9.818992614746093750e-01
1.558427815325558186e-03,9.984416365623474121e-01
2.673438051715493202e-03,9.973264932632446289e-01
5.811949959024786949e-04,9.994188547134399414e-01
1.228090841323137283e-03,9.987718462944030762e-01
8.526950259692966938e-04,9.991472959518432617e-01
1.327451434917747974e-03,9.986726045608520508e-01
9.087984217330813408e-04,9.990912675857543945e-01
1.109092030674219131e-03,9.988909363746643066e-01
1.534283976070582867e-03,9.984657764434814453e-01
1.986445626243948936e-03,9.980134963989257812e-01
4.124391824007034302e-03,9.958756566047668457e-01
1.445538830012083054e-03,9.985544085502624512e-01
1.315140072256326675e-02,9.868485927581787109e-01
9.087984217330813408e-04,9.990912675857543945e-01
9.021672303788363934e-04,9.990978240966796875e-01
1.769747934304177761e-03,9.982302784919738770e-01
7.010812405496835709e-04,9.992989301681518555e-01
9.034842369146645069e-04,9.990965127944946289e-01
1.073607476428151131e-03,9.989263415336608887e-01
1.075065345503389835e-03,9.989249110221862793e-01
1.377277425490319729e-03,9.986227750778198242e-01
4.510977596510201693e-04,9.995488524436950684e-01
1.613933010958135128e-03,9.983860254287719727e-01
1.319674891419708729e-03,9.986802935600280762e-01
1.118067884817719460e-03,9.988818764686584473e-01
7.644388242624700069e-04,9.992356300354003906e-01
1.539933495223522186e-03,9.984600543975830078e-01
5.935186054557561874e-04,9.994064569473266602e-01
8.673365227878093719e-04,9.991326928138732910e-01
1.557183917611837387e-03,9.984428286552429199e-01
1.080961199477314949e-03,9.989190101623535156e-01
2.798638306558132172e-03,9.972013235092163086e-01
1.439147745259106159e-03,9.985608458518981934e-01
1.454354263842105865e-03,9.985456466674804688e-01
1.348063000477850437e-03,9.986519217491149902e-01
1.428368967026472092e-03,9.985716342926025391e-01
1.210106653161346912e-03,9.987899661064147949e-01
9.908901993185281754e-04,9.990091323852539062e-01
1.303638448007404804e-03,9.986963868141174316e-01
1.333657070063054562e-03,9.986664056777954102e-01
1.061389409005641937e-02,9.893860816955566406e-01
5.221307277679443359e-03,9.947787523269653320e-01
2.710399683564901352e-03,9.972896575927734375e-01
9.996677981689572334e-04,9.990003705024719238e-01
1.210106653161346912e-03,9.987899661064147949e-01
9.181480854749679565e-04,9.990818500518798828e-01
1.222961116582155228e-03,9.987769722938537598e-01
1.718027167953550816e-03,9.982819557189941406e-01
1.539933495223522186e-03,9.984600543975830078e-01
1.366387819871306419e-03,9.986335635185241699e-01
1.210106653161346912e-03,9.987899661064147949e-01
7.010812405496835709e-04,9.992989301681518555e-01
7.644388242624700069e-04,9.992356300354003906e-01
1.454354263842105865e-03,9.985456466674804688e-01
1.292102853767573833e-03,9.987078905105590820e-01
1.219326863065361977e-03,9.987806677818298340e-01
1.075065345503389835e-03,9.989249110221862793e-01
1.551022171042859554e-03,9.984489679336547852e-01
5.079572089016437531e-03,9.949204325675964355e-01
9.827970061451196671e-04,9.990172386169433594e-01
1.837278832681477070e-03,9.981626868247985840e-01
7.434109575115144253e-04,9.992565512657165527e-01
1.244092942215502262e-03,9.987559318542480469e-01
1.794395502656698227e-03,9.982055425643920898e-01
2.738206181675195694e-03,9.972617626190185547e-01
1.118067884817719460e-03,9.988818764686584473e-01
1.025197678245604038e-03,9.989748001098632812e-01
8.335010497830808163e-04,9.991664886474609375e-01
7.387154037132859230e-04,9.992613196372985840e-01
1.252623740583658218e-03,9.987473487854003906e-01
1.555919763632118702e-03,9.984441399574279785e-01
2.032927051186561584e-02,9.796707630157470703e-01
1.974513521417975426e-03,9.980255365371704102e-01
9.784377180039882660e-04,9.990215301513671875e-01
9.087984217330813408e-04,9.990912675857543945e-01
1.201985171064734459e-03,9.987980127334594727e-01
3.540463978424668312e-03,9.964595437049865723e-01
9.913240792229771614e-04,9.990087151527404785e-01
5.855963099747896194e-04,9.994144439697265625e-01
1.126023591496050358e-03,9.988740086555480957e-01
5.486425478011369705e-03,9.945136308670043945e-01
1.061883848160505295e-02,9.893811941146850586e-01
5.044369027018547058e-04,9.994955062866210938e-01
1.393329817801713943e-03,9.986067414283752441e-01
3.317498601973056793e-03,9.966824650764465332e-01
3.005851525813341141e-03,9.969941377639770508e-01
1.069580554030835629e-03,9.989303946495056152e-01
1.177961006760597229e-03,9.988220334053039551e-01
6.441999576054513454e-04,9.993558526039123535e-01
1.509174238890409470e-03,9.984908103942871094e-01
8.619364816695451736e-04,9.991379976272583008e-01
1.747005502693355083e-03,9.982529282569885254e-01
2.103148587048053741e-02,9.789685010910034180e-01
1.877180114388465881e-02,9.812281727790832520e-01
2.051679883152246475e-03,9.979483485221862793e-01
1.109626609832048416e-03,9.988903403282165527e-01
2.044631866738200188e-03,9.979553222656250000e-01
1.572111854329705238e-03,9.984278678894042969e-01
3.954586572945117950e-03,9.960454106330871582e-01
5.116113461554050446e-04,9.994883537292480469e-01
1.260844175703823566e-03,9.987391829490661621e-01
1.368207042105495930e-03,9.986317753791809082e-01
5.588569329120218754e-04,9.994410872459411621e-01
1.025197678245604038e-03,9.989748001098632812e-01
7.969999569468200207e-04,9.992030262947082520e-01
1.262182928621768951e-02,9.873781800270080566e-01
1.401194720529019833e-03,9.985987544059753418e-01
3.271506866440176964e-03,9.967285394668579102e-01
8.293300052173435688e-04,9.991706609725952148e-01
1.219326863065361977e-03,9.987806677818298340e-01
7.580840028822422028e-04,9.992419481277465820e-01
1.210106653161346912e-03,9.987899661064147949e-01
1.025197678245604038e-03,9.989748001098632812e-01
9.158598259091377258e-04,9.990841150283813477e-01
1.393244136124849319e-03,9.986067414283752441e-01
6.441999576054513454e-04,9.993558526039123535e-01
9.841660503298044205e-04,9.990158081054687500e-01
1.303638448007404804e-03,9.986963868141174316e-01
2.329275710508227348e-03,9.976707100868225098e-01
9.019700810313224792e-03,9.909803271293640137e-01
8.239995222538709641e-04,9.991759657859802246e-01
9.329807944595813751e-04,9.990670084953308105e-01
1.383877010084688663e-03,9.986160993576049805e-01
1.121447887271642685e-03,9.988785386085510254e-01
1.454354263842105865e-03,9.985456466674804688e-01
7.903238292783498764e-04,9.992096424102783203e-01
9.543356718495488167e-04,9.990456700325012207e-01
1.228090841323137283e-03,9.987718462944030762e-01
1.569422078318893909e-03,9.984305500984191895e-01
5.959345144219696522e-04,9.994040727615356445e-01
4.915143363177776337e-04,9.995085000991821289e-01
1.060814713127911091e-03,9.989392161369323730e-01
1.441838778555393219e-02,9.855815768241882324e-01
1.109626609832048416e-03,9.988903403282165527e-01
7.150348392315208912e-04,9.992850422859191895e-01
5.959345144219696522e-04,9.994040727615356445e-01
1.163538778200745583e-03,9.988364577293395996e-01
9.855532553046941757e-04,9.990143775939941406e-01
1.576468115672469139e-03,9.984235763549804688e-01
7.532488089054822922e-04,9.992468357086181641e-01
3.559644334018230438e-03,9.964403510093688965e-01
1.498922705650329590e-02,9.850108027458190918e-01
1.446949900127947330e-03,9.985530972480773926e-01
5.922683048993349075e-03,9.940773248672485352e-01
1.178669743239879608e-03,9.988213181495666504e-01
1.279762713238596916e-03,9.987202882766723633e-01
1.419294974766671658e-03,9.985806941986083984e-01
8.461717516183853149e-04,9.991538524627685547e-01
1.210106653161346912e-03,9.987899661064147949e-01
1.210106653161346912e-03,9.987899661064147949e-01
9.641126380302011967e-04,9.990359544754028320e-01
1.127156312577426434e-03,9.988728165626525879e-01
1.932846847921609879e-03,9.980672001838684082e-01
6.896966369822621346e-04,9.993102550506591797e-01
3.539377939887344837e-04,9.996460676193237305e-01
5.869487766176462173e-03,9.941304326057434082e-01
6.740029901266098022e-03,9.932599663734436035e-01
1.166180707514286041e-03,9.988338351249694824e-01
6.726351566612720490e-04,9.993274211883544922e-01
1.729525625705718994e-03,9.982705116271972656e-01
1.576468115672469139e-03,9.984235763549804688e-01
1.221026759594678879e-03,9.987789988517761230e-01
1.679590786807239056e-03,9.983204007148742676e-01
1.075953245162963867e-02,9.892404675483703613e-01
4.501189105212688446e-03,9.954988360404968262e-01
1.118067884817719460e-03,9.988818764686584473e-01
8.690175600349903107e-04,9.991310238838195801e-01
9.855532553046941757e-04,9.990143775939941406e-01
1.278675277717411518e-03,9.987213015556335449e-01
2.245035255327820778e-03,9.977549910545349121e-01
3.889579675160348415e-04,9.996110796928405762e-01
9.400317212566733360e-04,9.990599751472473145e-01
1.040717004798352718e-03,9.989593029022216797e-01
7.387154037132859230e-04,9.992613196372985840e-01
8.269977406598627567e-04,9.991729855537414551e-01
1.248250366188585758e-03,9.987517595291137695e-01
9.454811806790530682e-04,9.990544915199279785e-01
1.884104800410568714e-03,9.981158971786499023e-01
1.339484588243067265e-03,9.986605644226074219e-01
1.595966285094618797e-03,9.984040856361389160e-01
2.021781168878078461e-03,9.979782700538635254e-01
1.206967397592961788e-03,9.987930059432983398e-01
5.907742888666689396e-04,9.994091987609863281e-01
6.665835389867424965e-04,9.993334412574768066e-01
1.019887439906597137e-02,9.898011088371276855e-01
2.098071156069636345e-03,9.979019165039062500e-01
2.015397651121020317e-03,9.979845285415649414e-01
1.210106653161346912e-03,9.987899661064147949e-01
7.796888239681720734e-04,9.992202520370483398e-01
1.159409293904900551e-03,9.988406300544738770e-01
9.988615056499838829e-04,9.990012049674987793e-01
3.080681664869189262e-03,9.969193935394287109e-01
1.392657752148807049e-03,9.986073374748229980e-01
2.620072569698095322e-03,9.973799586296081543e-01
4.921825602650642395e-04,9.995077848434448242e-01
1.228090841323137283e-03,9.987718462944030762e-01
1.022820710204541683e-03,9.989771842956542969e-01
1.635795109905302525e-03,9.983641505241394043e-01
2.855801954865455627e-03,9.971441626548767090e-01
9.361213888041675091e-04,9.990639090538024902e-01
1.231539412401616573e-03,9.987683892250061035e-01
2.894010860472917557e-03,9.971060156822204590e-01
9.290109737776219845e-04,9.990710020065307617e-01
8.764262893237173557e-04,9.991236329078674316e-01
1.210106653161346912e-03,9.987899661064147949e-01
9.466125047765672207e-04,9.990534186363220215e-01
1.348938420414924622e-02,9.865106940269470215e-01
1.865946874022483826e-02,9.813405275344848633e-01
1.349846832454204559e-03,9.986501336097717285e-01
1.210106653161346912e-03,9.987899661064147949e-01
7.150348392315208912e-04,9.992850422859191895e-01
1.454354263842105865e-03,9.985456466674804688e-01
2.095759660005569458e-02,9.790424704551696777e-01
8.038033265620470047e-04,9.991962313652038574e-01
1.835027476772665977e-03,9.981649518013000488e-01
6.369978073053061962e-04,9.993630051612854004e-01
1.006143516860902309e-03,9.989938139915466309e-01
1.902883406728506088e-03,9.980971217155456543e-01
8.578973938710987568e-04,9.991420507431030273e-01
1.051370985805988312e-03,9.989486336708068848e-01
1.210106653161346912e-03,9.987899661064147949e-01
8.946194429881870747e-04,9.991053938865661621e-01
5.849049193784594536e-04,9.994151592254638672e-01
1.353225787170231342e-03,9.986467957496643066e-01
3.332434454932808876e-03,9.966675639152526855e-01
7.796888239681720734e-04,9.992202520370483398e-01
9.021672303788363934e-04,9.990978240966796875e-01
1.600936870090663433e-03,9.983990788459777832e-01
1.017480739392340183e-03,9.989824891090393066e-01
5.959345144219696522e-04,9.994040727615356445e-01
1.094396342523396015e-03,9.989055395126342773e-01
1.041304087266325951e-03,9.989587068557739258e-01
1.511484850198030472e-02,9.848852157592773438e-01
7.174058817327022552e-03,9.928259849548339844e-01
6.557394517585635185e-04,9.993442893028259277e-01
1.195312757045030594e-02,9.880468845367431641e-01
2.309581963345408440e-03,9.976904392242431641e-01
7.069935672916471958e-04,9.992929697036743164e-01
9.607945685274899006e-04,9.990392923355102539e-01
9.855532553046941757e-04,9.990143775939941406e-01
1.003001118078827858e-03,9.989970326423645020e-01
1.317336107604205608e-03,9.986826777458190918e-01
2.644860651344060898e-03,9.973551034927368164e-01
7.080899667926132679e-04,9.992918968200683594e-01
7.080899667926132679e-04,9.992918968200683594e-01
9.841660503298044205e-04,9.990158081054687500e-01
1.106765237636864185e-03,9.988932013511657715e-01
6.757584866136312485e-03,9.932424426078796387e-01
5.869918968528509140e-04,9.994130134582519531e-01
1.502726110629737377e-03,9.984972476959228516e-01
2.770090941339731216e-03,9.972298741340637207e-01
9.543356718495488167e-04,9.990456700325012207e-01
1.210106653161346912e-03,9.987899661064147949e-01
7.842051563784480095e-04,9.992157220840454102e-01
2.468117047101259232e-03,9.975318908691406250e-01
5.798031110316514969e-03,9.942019581794738770e-01
1.751963864080607891e-03,9.982481002807617188e-01
1.228090841323137283e-03,9.987718462944030762e-01
9.021672303788363934e-04,9.990978240966796875e-01
7.495693280361592770e-04,9.992503523826599121e-01
6.503970944322645664e-04,9.993496537208557129e-01
1.908104284666478634e-03,9.980918765068054199e-01
3.860144934151321650e-04,9.996140599250793457e-01
1.309699262492358685e-03,9.986903071403503418e-01
1.007011975161731243e-03,9.989929795265197754e-01
2.127065323293209076e-03,9.978729486465454102e-01
9.489561780355870724e-04,9.990510344505310059e-01
7.751239463686943054e-04,9.992249011993408203e-01
6.595194572582840919e-04,9.993404746055603027e-01
4.274405073374509811e-04,9.995725750923156738e-01
1.040717004798352718e-03,9.989593029022216797e-01
8.269977406598627567e-04,9.991729855537414551e-01
9.021672303788363934e-04,9.990978240966796875e-01
1.582100987434387207e-03,9.984178543090820312e-01
1.425238908268511295e-03,9.985747337341308594e-01
1.096683088690042496e-02,9.890331029891967773e-01
1.761687686666846275e-03,9.982383251190185547e-01
1.210106653161346912e-03,9.987899661064147949e-01
1.074911211617290974e-03,9.989250302314758301e-01
9.552175761200487614e-04,9.990447163581848145e-01
2.981265308335423470e-03,9.970188140869140625e-01
5.185578484088182449e-03,9.948143959045410156e-01
9.671204607002437115e-04,9.990328550338745117e-01
1.334634609520435333e-03,9.986653327941894531e-01
1.736291334964334965e-03,9.982637763023376465e-01
1.243896200321614742e-03,9.987560510635375977e-01
6.051415111869573593e-04,9.993948936462402344e-01
9.194074082188308239e-04,9.990805387496948242e-01
1.228017848916351795e-03,9.987719655036926270e-01
5.856638890691101551e-04,9.994143247604370117e-01
8.594830287620425224e-04,9.991405010223388672e-01
1.835428737103939056e-02,9.816457033157348633e-01
9.935402777045965195e-04,9.990064501762390137e-01
9.177161846309900284e-04,9.990823268890380859e-01
1.237636781297624111e-03,9.987623691558837891e-01
1.690280158072710037e-03,9.983097314834594727e-01
8.814032189548015594e-03,9.911859631538391113e-01
8.557469118386507034e-04,9.991441965103149414e-01
1.130882301367819309e-03,9.988691210746765137e-01
2.712975954636931419e-03,9.972870349884033203e-01
9.841660503298044205e-04,9.990158081054687500e-01
6.592275574803352356e-03,9.934077262878417969e-01
1.920886803418397903e-03,9.980790615081787109e-01
1.237636781297624111e-03,9.987623691558837891e-01
9.466125047765672207e-04,9.990534186363220215e-01
1.329221297055482864e-03,9.986708164215087891e-01
1.016948255710303783e-03,9.989830851554870605e-01
9.543356718495488167e-04,9.990456700325012207e-01
1.126023591496050358e-03,9.988740086555480957e-01
1.439147745259106159e-03,9.985608458518981934e-01
1.930307713337242603e-03,9.980697035789489746e-01
8.351458818651735783e-04,9.991648197174072266e-01
8.269977406598627567e-04,9.991729855537414551e-01
8.821245864965021610e-04,9.991179108619689941e-01
1.075867377221584320e-02,9.892413020133972168e-01
6.441999576054513454e-04,9.993558526039123535e-01
7.710287463851273060e-04,9.992289543151855469e-01
1.006143516860902309e-03,9.989938139915466309e-01
9.328390005975961685e-04,9.990671277046203613e-01
3.919233276974409819e-04,9.996080994606018066e-01
8.501872071065008640e-04,9.991497993469238281e-01
4.830972175113856792e-04,9.995169639587402344e-01
7.482283399440348148e-04,9.992517828941345215e-01
5.502947024069726467e-04,9.994496703147888184e-01
1.097512780688703060e-03,9.989024400711059570e-01
8.688597939908504486e-03,9.913114309310913086e-01
7.221880834549665451e-03,9.927781224250793457e-01
4.618840466719120741e-04,9.995381832122802734e-01
7.591278408654034138e-04,9.992408752441406250e-01
8.214954286813735962e-04,9.991784691810607910e-01
7.691200007684528828e-04,9.992308616638183594e-01
2.133998321369290352e-03,9.978659749031066895e-01
2.095747506245970726e-03,9.979043006896972656e-01
2.947254106402397156e-03,9.970527887344360352e-01
5.177246406674385071e-03,9.948227405548095703e-01
6.594973965547978878e-04,9.993404746055603027e-01
3.835800162050873041e-04,9.996163845062255859e-01
5.278488388285040855e-04,9.994722008705139160e-01
6.154011934995651245e-04,9.993845224380493164e-01
1.109626609832048416e-03,9.988903403282165527e-01
5.462493863888084888e-04,9.994537234306335449e-01
1.290139276534318924e-03,9.987099170684814453e-01
8.269977406598627567e-04,9.991729855537414551e-01
1.477896468713879585e-03,9.985221028327941895e-01
1.207805704325437546e-03,9.987922310829162598e-01
1.338684814982116222e-03,9.986612796783447266e-01
3.715950879268348217e-04,9.996284246444702148e-01
7.207464077509939671e-04,9.992793202400207520e-01
1.170664909295737743e-03,9.988293051719665527e-01
8.269977406598627567e-04,9.991729855537414551e-01
7.415801519528031349e-04,9.992584586143493652e-01
1.476301462389528751e-03,9.985237717628479004e-01
1.025154837407171726e-03,9.989749193191528320e-01
1.182772102765738964e-03,9.988172054290771484e-01
6.133137503638863564e-04,9.993866682052612305e-01
7.758519495837390423e-04,9.992241859436035156e-01
8.200151845812797546e-03,9.917997717857360840e-01
1.113772275857627392e-03,9.988862872123718262e-01
3.052793326787650585e-04,9.996947050094604492e-01
2.129762200638651848e-03,9.978702068328857422e-01
8.167681517079472542e-04,9.991832375526428223e-01
1.825209707021713257e-02,9.817479252815246582e-01
2.018896117806434631e-02,9.798110127449035645e-01
1.110917795449495316e-02,9.888908863067626953e-01
2.370007103309035301e-03,9.976300001144409180e-01
1.407235278747975826e-03,9.985927939414978027e-01
8.305458468385040760e-04,9.991694688796997070e-01
5.588569329120218754e-04,9.994410872459411621e-01
7.482283399440348148e-04,9.992517828941345215e-01
8.289096294902265072e-04,9.991711378097534180e-01
6.592177669517695904e-04,9.993407130241394043e-01
1.170664909295737743e-03,9.988293051719665527e-01
1.361294882372021675e-03,9.986386895179748535e-01
1.657763845287263393e-03,9.983422756195068359e-01
5.577548872679471970e-04,9.994422793388366699e-01
7.989990408532321453e-04,9.992009997367858887e-01
1.961498986929655075e-03,9.980384707450866699e-01
8.087476599030196667e-04,9.991912245750427246e-01
9.466125047765672207e-04,9.990534186363220215e-01
1.011124462820589542e-03,9.989888072013854980e-01
7.452924619428813457e-04,9.992546439170837402e-01
8.551657083444297314e-04,9.991447925567626953e-01
9.237929480150341988e-04,9.990761280059814453e-01
1.034451997838914394e-03,9.989655017852783203e-01
1.073631457984447479e-03,9.989263415336608887e-01
2.112024230882525444e-03,9.978880286216735840e-01
1.271952060051262379e-03,9.987280964851379395e-01
1.428368967026472092e-03,9.985716342926025391e-01
6.441999576054513454e-04,9.993558526039123535e-01
1.156428363174200058e-03,9.988435506820678711e-01
2.947254106402397156e-03,9.970527887344360352e-01
1.057086046785116196e-03,9.989429116249084473e-01
1.824901439249515533e-03,9.981751441955566406e-01
5.959345144219696522e-04,9.994040727615356445e-01
1.134913181886076927e-03,9.988651275634765625e-01
9.080911404453217983e-04,9.990918636322021484e-01
1.600199937820434570e-02,9.839980602264404297e-01
6.436781841330230236e-04,9.993563294410705566e-01
1.011124462820589542e-03,9.989888072013854980e-01
9.737302898429334164e-04,9.990262985229492188e-01
1.237636781297624111e-03,9.987623691558837891e-01
4.673012881539762020e-04,9.995326995849609375e-01
7.406735676340758801e-04,9.992592930793762207e-01
4.544198745861649513e-04,9.995455145835876465e-01
7.389160455204546452e-04,9.992610812187194824e-01
9.611570276319980621e-04,9.990388154983520508e-01
5.824057850986719131e-03,9.941759109497070312e-01
6.812084466218948364e-04,9.993188381195068359e-01
9.470296208746731281e-04,9.990529417991638184e-01
9.823668515309691429e-04,9.990175962448120117e-01
1.199686084873974323e-03,9.988002777099609375e-01
1.237268559634685516e-03,9.987627267837524414e-01
3.919233276974409819e-04,9.996080994606018066e-01
7.367992075160145760e-04,9.992632269859313965e-01
9.328390005975961685e-04,9.990671277046203613e-01
3.294927300885319710e-04,9.996705055236816406e-01
2.798878995236009359e-04,9.997200369834899902e-01
7.358434959314763546e-04,9.992641806602478027e-01
7.948224083520472050e-04,9.992051720619201660e-01
7.583725964650511742e-04,9.992415904998779297e-01
9.207850671373307705e-04,9.990792274475097656e-01
9.326506988145411015e-04,9.990673661231994629e-01
1.769378897733986378e-03,9.982306361198425293e-01
1.834598719142377377e-03,9.981654286384582520e-01
1.057762280106544495e-02,9.894223809242248535e-01
1.583572826348245144e-03,9.984164237976074219e-01
1.449177623726427555e-03,9.985508322715759277e-01
4.797552173840813339e-05,9.999520778656005859e-01
1.266313338419422507e-04,9.998733997344970703e-01
3.593551227822899818e-04,9.996405839920043945e-01
6.662611267529428005e-04,9.993336796760559082e-01
7.907489780336618423e-04,9.992092251777648926e-01
1.484189415350556374e-03,9.985157847404479980e-01
1.958344597369432449e-03,9.980416297912597656e-01
6.644403911195695400e-04,9.993355870246887207e-01
9.034692193381488323e-04,9.990965127944946289e-01
6.544732605107128620e-04,9.993454813957214355e-01
1.973073696717619896e-03,9.980269074440002441e-01
3.631286672316491604e-04,9.996368885040283203e-01
1.451007323339581490e-03,9.985489249229431152e-01
5.586532060988247395e-04,9.994413256645202637e-01
1.988779287785291672e-03,9.980112314224243164e-01
1.407235278747975826e-03,9.985927939414978027e-01
5.123873706907033920e-04,9.994876384735107422e-01
6.494416738860309124e-04,9.993506073951721191e-01
7.585934945382177830e-04,9.992414712905883789e-01
3.699003427755087614e-04,9.996300935745239258e-01
4.535641055554151535e-04,9.995464682579040527e-01
6.168022518977522850e-04,9.993832111358642578e-01
1.988779287785291672e-03,9.980112314224243164e-01
3.715950879268348217e-04,9.996284246444702148e-01
7.358434959314763546e-04,9.992641806602478027e-01
5.365263787098228931e-04,9.994634985923767090e-01
2.706979867070913315e-03,9.972930550575256348e-01
1.154699269682168961e-02,9.884529709815979004e-01
1.678753760643303394e-03,9.983212351799011230e-01
1.407235278747975826e-03,9.985927939414978027e-01
7.192714838311076164e-04,9.992807507514953613e-01
1.174006145447492599e-03,9.988259673118591309e-01
9.748436859808862209e-04,9.990251064300537109e-01
1.818959484808146954e-03,9.981811046600341797e-01
1.631142804399132729e-03,9.983689188957214355e-01
2.231269143521785736e-02,9.776872992515563965e-01
1.329597644507884979e-02,9.867039918899536133e-01
5.728284595534205437e-04,9.994271993637084961e-01
1.357196888420730829e-04,9.998642206192016602e-01
8.354607853107154369e-04,9.991645812988281250e-01
4.064946551807224751e-04,9.995935559272766113e-01
5.940044065937399864e-04,9.994059801101684570e-01
4.236722015775740147e-04,9.995762705802917480e-01
6.234676693566143513e-04,9.993765950202941895e-01
5.586233455687761307e-04,9.994413256645202637e-01
5.562513251788914204e-04,9.994437098503112793e-01
1.548175117932260036e-03,9.984518289566040039e-01
4.871858749538660049e-03,9.951281547546386719e-01
2.168535813689231873e-02,9.783146381378173828e-01
6.544732605107128620e-04,9.993454813957214355e-01
7.074500899761915207e-04,9.992924928665161133e-01
1.625730888918042183e-03,9.983742237091064453e-01
4.312391683924943209e-04,9.995687603950500488e-01
6.133137503638863564e-04,9.993866682052612305e-01
9.179513435810804367e-04,9.990820884704589844e-01
6.825259770266711712e-04,9.993175268173217773e-01
8.460778626613318920e-04,9.991539716720581055e-01
4.135556810069829226e-04,9.995864033699035645e-01
3.009277861565351486e-04,9.996991157531738281e-01
3.563317586667835712e-04,9.996436834335327148e-01
7.903238292783498764e-04,9.992096424102783203e-01
5.155513645149767399e-04,9.994844198226928711e-01
6.689382134936749935e-04,9.993311166763305664e-01
4.700867284554988146e-04,9.995299577713012695e-01
4.508215642999857664e-04,9.995492100715637207e-01
8.032600162550806999e-04,9.991967082023620605e-01
1.031736028380692005e-03,9.989682435989379883e-01
4.719784483313560486e-03,9.952802658081054688e-01
3.833201189991086721e-04,9.996166229248046875e-01
1.557645108550786972e-02,9.844235777854919434e-01
1.207078224979341030e-03,9.987928867340087891e-01
2.226568991318345070e-03,9.977734684944152832e-01
4.051042778883129358e-04,9.995948672294616699e-01
4.019233165308833122e-04,9.995980858802795410e-01
4.076352925039827824e-04,9.995923638343811035e-01
5.365263787098228931e-04,9.994634985923767090e-01
1.032296917401254177e-03,9.989677667617797852e-01
3.092217957600951195e-04,9.996907711029052734e-01
4.564577247947454453e-04,9.995434880256652832e-01
9.870129870250821114e-04,9.990129470825195312e-01
3.751949407160282135e-04,9.996247291564941406e-01
1.674502971582114697e-03,9.983255267143249512e-01
1.407235278747975826e-03,9.985927939414978027e-01
9.113281266763806343e-04,9.990886449813842773e-01
3.053364343941211700e-04,9.996947050094604492e-01
5.044828285463154316e-04,9.994955062866210938e-01
2.922609273809939623e-04,9.997077584266662598e-01
8.605721523053944111e-04,9.991394281387329102e-01
6.621903739869594574e-04,9.993377327919006348e-01
5.759017542004585266e-03,9.942409992218017578e-01
8.032060577534139156e-04,9.991968274116516113e-01
1.194808515720069408e-03,9.988051652908325195e-01
1.518452423624694347e-03,9.984815716743469238e-01
2.385842235526069999e-04,9.997614026069641113e-01
3.036014095414429903e-04,9.996963739395141602e-01
3.687235584948211908e-05,9.999631643295288086e-01
4.130206652916967869e-04,9.995869994163513184e-01
4.175007634330540895e-04,9.995824694633483887e-01
7.832771516405045986e-04,9.992166757583618164e-01
5.485760048031806946e-04,9.994514584541320801e-01
3.253837348893284798e-04,9.996746778488159180e-01
5.125533789396286011e-04,9.994874000549316406e-01
4.727386694867163897e-04,9.995273351669311523e-01
8.313902653753757477e-03,9.916860461235046387e-01
1.988779287785291672e-03,9.980112314224243164e-01
3.124397189822047949e-04,9.996875524520874023e-01
5.346403922885656357e-04,9.994654059410095215e-01
4.239558184053748846e-04,9.995760321617126465e-01
2.904077118728309870e-04,9.997095465660095215e-01
4.130206652916967869e-04,9.995869994163513184e-01
3.510300884954631329e-04,9.996489286422729492e-01
1.602874690433964133e-04,9.998396635055541992e-01
3.552504349499940872e-04,9.996447563171386719e-01
3.353386127855628729e-04,9.996646642684936523e-01
1.410868950188159943e-03,9.985890984535217285e-01
9.822882711887359619e-03,9.901770949363708496e-01
2.496360975783318281e-04,9.997503161430358887e-01
1.409825519658625126e-03,9.985901713371276855e-01
1.534944283775985241e-03,9.984650611877441406e-01
2.808250719681382179e-04,9.997192025184631348e-01
1.575364265590906143e-03,9.984246492385864258e-01
5.345172830857336521e-04,9.994655251502990723e-01
1.179373473860323429e-03,9.988206028938293457e-01
1.238594995811581612e-03,9.987614154815673828e-01
1.726402714848518372e-02,9.827359914779663086e-01
1.527279801666736603e-02,9.847271442413330078e-01
2.330085262656211853e-04,9.997670054435729980e-01
9.175250306725502014e-04,9.990824460983276367e-01
8.679198217578232288e-04,9.991320967674255371e-01
2.004317502724006772e-04,9.997995495796203613e-01
8.417812641710042953e-04,9.991582632064819336e-01
2.364124375162646174e-04,9.997635483741760254e-01
3.886343911290168762e-04,9.996114373207092285e-01
4.305909096729010344e-04,9.995693564414978027e-01
5.963452858850359917e-04,9.994037151336669922e-01
6.019477732479572296e-04,9.993979930877685547e-01
2.248766686534509063e-04,9.997751116752624512e-01
3.388124168850481510e-04,9.996612071990966797e-01
1.968399301404133439e-04,9.998031258583068848e-01
1.244795857928693295e-03,9.987552165985107422e-01
2.798878995236009359e-04,9.997200369834899902e-01
2.453201159369200468e-04,9.997547268867492676e-01
6.272316677495837212e-04,9.993727803230285645e-01
6.725294515490531921e-03,9.932746887207031250e-01
7.296020048670470715e-04,9.992703795433044434e-01
4.650805203709751368e-04,9.995349645614624023e-01
2.500925620552152395e-04,9.997499585151672363e-01
3.296457289252430201e-04,9.996703863143920898e-01
6.133748102001845837e-04,9.993865489959716797e-01
3.308492247015237808e-03,9.966914653778076172e-01
9.641450014896690845e-05,9.999035596847534180e-01
5.496044177561998367e-04,9.994503855705261230e-01
1.227262837346643209e-04,9.998772144317626953e-01
5.963452858850359917e-04,9.994037151336669922e-01
5.743225570768117905e-03,9.942567944526672363e-01
4.313390236347913742e-04,9.995686411857604980e-01
2.667697262950241566e-04,9.997332692146301270e-01
2.180166193284094334e-04,9.997820258140563965e-01
2.685127765289507806e-05,9.999731779098510742e-01
1.988779287785291672e-03,9.980112314224243164e-01
1.084333751350641251e-03,9.989156723022460938e-01
6.749616586603224277e-04,9.993250370025634766e-01
2.539212000556290150e-04,9.997460246086120605e-01
3.169239207636564970e-04,9.996831417083740234e-01
2.641353639774024487e-04,9.997358918190002441e-01
6.133748102001845837e-04,9.993865489959716797e-01
6.133137503638863564e-04,9.993866682052612305e-01
1.590836618561297655e-04,9.998408555984497070e-01
2.108762273564934731e-04,9.997891783714294434e-01
7.779040024615824223e-04,9.992220401763916016e-01
1.211955561302602291e-03,9.987880587577819824e-01
4.973207978764548898e-05,9.999502897262573242e-01
4.496166657190769911e-04,9.995504021644592285e-01
4.728634667117148638e-04,9.995270967483520508e-01
7.768886280246078968e-05,9.999222755432128906e-01
1.194816286442801356e-04,9.998805522918701172e-01
5.697871092706918716e-04,9.994302392005920410e-01
1.518452423624694347e-03,9.984815716743469238e-01
7.807097281329333782e-04,9.992192983627319336e-01
2.767039695754647255e-04,9.997232556343078613e-01
1.893763837870210409e-04,9.998106360435485840e-01
6.300020497292280197e-03,9.937000274658203125e-01
1.290139276534318924e-03,9.987099170684814453e-01
2.626977511681616306e-04,9.997373223304748535e-01
2.456881047692149878e-04,9.997543692588806152e-01
1.095471307053230703e-04,9.998904466629028320e-01
4.085325927007943392e-04,9.995915293693542480e-01
2.913109201472252607e-04,9.997087121009826660e-01
3.077592118643224239e-04,9.996923208236694336e-01
2.508177421987056732e-04,9.997491240501403809e-01
2.946465683635324240e-04,9.997053742408752441e-01
3.615292080212384462e-04,9.996384382247924805e-01
3.388124168850481510e-04,9.996612071990966797e-01
4.220477712806314230e-04,9.995779395103454590e-01
3.805547021329402924e-04,9.996193647384643555e-01
1.988779287785291672e-03,9.980112314224243164e-01
1.333637395873665810e-03,9.986664056777954102e-01
5.174736725166440010e-04,9.994825124740600586e-01
1.095150582841597497e-04,9.998904466629028320e-01
2.037810627371072769e-04,9.997962117195129395e-01
1.674502971582114697e-03,9.983255267143249512e-01
2.421776589471846819e-04,9.997578263282775879e-01
3.801208367804065347e-05,9.999619722366333008e-01
7.957643829286098480e-04,9.992042183876037598e-01
4.010889388155192137e-04,9.995989203453063965e-01
2.623123291414231062e-04,9.997376799583435059e-01
1.228090841323137283e-03,9.987718462944030762e-01
8.541584247723221779e-04,9.991458654403686523e-01
6.335198413580656052e-04,9.993664622306823730e-01
2.910330367740243673e-04,9.997089505195617676e-01
1.256697112694382668e-03,9.987433552742004395e-01
1.801394973881542683e-03,9.981986880302429199e-01
1.001283875666558743e-03,9.989987015724182129e-01
7.832771516405045986e-04,9.992166757583618164e-01
3.350481274537742138e-04,9.996649026870727539e-01
2.613253309391438961e-04,9.997386336326599121e-01
3.251275920774787664e-04,9.996749162673950195e-01
4.671410424634814262e-04,9.995329380035400391e-01
2.127860789187252522e-04,9.997872710227966309e-01
1.108005293644964695e-03,9.988920092582702637e-01
2.090538328047841787e-04,9.997909665107727051e-01
1.417843974195420742e-03,9.985821247100830078e-01
9.602119098417460918e-04,9.990397095680236816e-01
3.773613425437361002e-04,9.996225833892822266e-01
1.514658069936558604e-04,9.998484849929809570e-01
2.113752270815894008e-04,9.997885823249816895e-01
1.339484588243067265e-03,9.986605644226074219e-01
1.032434054650366306e-03,9.989675283432006836e-01
1.224575535161420703e-04,9.998775720596313477e-01
1.332024985458701849e-04,9.998667240142822266e-01
1.206240849569439888e-03,9.987937211990356445e-01
3.510272363200783730e-04,9.996489286422729492e-01
6.676316261291503906e-04,9.993323683738708496e-01
2.592291857581585646e-04,9.997407793998718262e-01
7.556971831945702434e-05,9.999244213104248047e-01
6.028985953889787197e-04,9.993970394134521484e-01
3.458148275967687368e-04,9.996541738510131836e-01
1.736394769977778196e-04,9.998263716697692871e-01
1.224575535161420703e-04,9.998775720596313477e-01
6.886997289257124066e-05,9.999310970306396484e-01
6.093418342061340809e-04,9.993906021118164062e-01
3.086701326537877321e-04,9.996913671493530273e-01
4.170317552052438259e-04,9.995829463005065918e-01
5.588569329120218754e-04,9.994410872459411621e-01
1.194816286442801356e-04,9.998805522918701172e-01
4.123043327126652002e-04,9.995877146720886230e-01
1.687047770246863365e-03,9.983129501342773438e-01
1.437260536476969719e-03,9.985627532005310059e-01
1.306468620896339417e-03,9.986935257911682129e-01
2.904077118728309870e-04,9.997095465660095215e-01
1.690349454293027520e-04,9.998309612274169922e-01
2.586448390502482653e-04,9.997413754463195801e-01
2.517699431336950511e-05,9.999748468399047852e-01
9.064935147762298584e-05,9.999094009399414062e-01
3.715950879268348217e-04,9.996284246444702148e-01
7.990062586031854153e-04,9.992009997367858887e-01
2.860873937606811523e-04,9.997138381004333496e-01
6.142628844827413559e-04,9.993857145309448242e-01
5.334634988685138524e-05,9.999465942382812500e-01
1.055249944329261780e-03,9.989448189735412598e-01
3.175018646288663149e-04,9.996825456619262695e-01
1.605280704097822309e-04,9.998394250869750977e-01
2.725768717937171459e-04,9.997274279594421387e-01
5.855499766767024994e-04,9.994144439697265625e-01
3.606431710068136454e-04,9.996393918991088867e-01
3.106732910964637995e-04,9.996893405914306641e-01
8.732365677133202553e-04,9.991267323493957520e-01
1.009410989354364574e-04,9.998990297317504883e-01
9.041154989972710609e-04,9.990959167480468750e-01
1.575905131176114082e-03,9.984240531921386719e-01
1.339484588243067265e-03,9.986605644226074219e-01
9.201369830407202244e-04,9.990798234939575195e-01
5.030319443903863430e-04,9.994969367980957031e-01
5.561843281611800194e-04,9.994438290596008301e-01
1.546508749015629292e-03,9.984534978866577148e-01
6.187226390466094017e-04,9.993813037872314453e-01
5.673459963873028755e-04,9.994326233863830566e-01
2.555835235398262739e-04,9.997443556785583496e-01
1.095471307053230703e-04,9.998904466629028320e-01
2.915067598223686218e-04,9.997084736824035645e-01
1.690809003775939345e-04,9.998308420181274414e-01
6.840739515610039234e-04,9.993159770965576172e-01
4.414655850268900394e-04,9.995585083961486816e-01
1.615043584024533629e-04,9.998384714126586914e-01
1.207805704325437546e-03,9.987922310829162598e-01
7.883842336013913155e-04,9.992115497589111328e-01
2.686618536245077848e-04,9.997313618659973145e-01
7.267644978128373623e-04,9.992732405662536621e-01
7.842877530492842197e-04,9.992157220840454102e-01
7.118498615454882383e-05,9.999288320541381836e-01
9.961728937923908234e-04,9.990038275718688965e-01
1.421344641130417585e-04,9.998579025268554688e-01
6.892820238135755062e-04,9.993107318878173828e-01
2.232609585917089134e-05,9.999777078628540039e-01
5.256099393591284752e-04,9.994744658470153809e-01
5.341999349184334278e-04,9.994657635688781738e-01
4.046963586006313562e-04,9.995953440666198730e-01
1.164292552857659757e-04,9.998835325241088867e-01
1.844133657868951559e-04,9.998156428337097168e-01
3.420994908083230257e-04,9.996578693389892578e-01
9.466125047765672207e-04,9.990534186363220215e-01
5.702516064047813416e-04,9.994297623634338379e-01
5.014595226384699345e-04,9.994984865188598633e-01
1.923037780215963721e-04,9.998077750205993652e-01
1.728968345560133457e-04,9.998270869255065918e-01
1.339484588243067265e-03,9.986605644226074219e-01
8.002273971214890480e-04,9.991998076438903809e-01
4.007858515251427889e-04,9.995992779731750488e-01
1.092556281946599483e-03,9.989074468612670898e-01
1.920214155688881874e-03,9.980797767639160156e-01
1.718068961054086685e-03,9.982819557189941406e-01
4.737639974337071180e-04,9.995262622833251953e-01
2.169780636904761195e-04,9.997829794883728027e-01
1.432701596058905125e-03,9.985672235488891602e-01
1.042939373292028904e-03,9.989570379257202148e-01
7.667354657314717770e-04,9.992332458496093750e-01
2.223368210252374411e-04,9.997776150703430176e-01
2.023372944677248597e-04,9.997976422309875488e-01
4.144869744777679443e-04,9.995855689048767090e-01
7.957643829286098480e-04,9.992042183876037598e-01
5.732015124522149563e-04,9.994268417358398438e-01
5.442853434942662716e-04,9.994557499885559082e-01
4.033175064250826836e-04,9.995966553688049316e-01
6.348537863232195377e-04,9.993651509284973145e-01
3.659868161776103079e-05,9.999634027481079102e-01
9.466125047765672207e-04,9.990534186363220215e-01
2.452771004755049944e-04,9.997547268867492676e-01
5.092381034046411514e-04,9.994907379150390625e-01
2.671374822966754436e-04,9.997327923774719238e-01
9.183971269521862268e-05,9.999082088470458984e-01
5.751106655225157738e-04,9.994249343872070312e-01
6.187226390466094017e-04,9.993813037872314453e-01
3.928408841602504253e-04,9.996071457862854004e-01
7.074500899761915207e-04,9.992924928665161133e-01
1.843321078922599554e-04,9.998156428337097168e-01
5.707702948711812496e-04,9.994291663169860840e-01
3.697152424138039351e-04,9.996302127838134766e-01
2.247894153697416186e-04,9.997752308845520020e-01
5.054972134530544281e-04,9.994944334030151367e-01
4.121693491470068693e-04,9.995878338813781738e-01
2.847152354661375284e-04,9.997152686119079590e-01
9.016289259307086468e-04,9.990984201431274414e-01
8.107071626000106335e-04,9.991893172264099121e-01
5.288384272716939449e-04,9.994711279869079590e-01
2.200066519435495138e-04,9.997799992561340332e-01
1.185761531814932823e-03,9.988142251968383789e-01
2.941334969364106655e-04,9.997058510780334473e-01
9.510992094874382019e-04,9.990488886833190918e-01
1.100630848668515682e-03,9.988993406295776367e-01
9.216009057126939297e-04,9.990783929824829102e-01
5.839078803546726704e-04,9.994161128997802734e-01
5.468502640724182129e-04,9.994531273841857910e-01
7.716156542301177979e-04,9.992283582687377930e-01
1.314151217229664326e-03,9.986858963966369629e-01
6.093316478654742241e-04,9.993906021118164062e-01
8.934821817092597485e-04,9.991064667701721191e-01
9.677795460447669029e-04,9.990322589874267578e-01
5.023939302191138268e-04,9.994975328445434570e-01
6.646916881436482072e-05,9.999334812164306641e-01
1.442543725715950131e-04,9.998557567596435547e-01
1.408873824402689934e-03,9.985911250114440918e-01
1.171279000118374825e-03,9.988287091255187988e-01
4.787897050846368074e-04,9.995212554931640625e-01
1.196674304082989693e-03,9.988033771514892578e-01
5.374869215302169323e-04,9.994625449180603027e-01
2.502726274542510509e-04,9.997497200965881348e-01
5.707415402866899967e-04,9.994292855262756348e-01
1.051370985805988312e-03,9.989486336708068848e-01
5.938660469837486744e-04,9.994060993194580078e-01
5.209394730627536774e-04,9.994791150093078613e-01
3.399567794986069202e-04,9.996600151062011719e-01
3.686744894366711378e-04,9.996312856674194336e-01
1.055448898114264011e-03,9.989445805549621582e-01
6.862574373371899128e-04,9.993137121200561523e-01
2.934416697826236486e-04,9.997065663337707520e-01
7.896489842096343637e-05,9.999210834503173828e-01
1.339484588243067265e-03,9.986605644226074219e-01
8.233845001086592674e-04,9.991765618324279785e-01
7.395845022983849049e-04,9.992603659629821777e-01
4.620469699148088694e-04,9.995379447937011719e-01
2.804953546728938818e-04,9.997194409370422363e-01
2.846216084435582161e-04,9.997153878211975098e-01
2.785661199595779181e-04,9.997214674949645996e-01
1.461130683310329914e-03,9.985388517379760742e-01
1.541667734272778034e-03,9.984583854675292969e-01
2.742582582868635654e-04,9.997257590293884277e-01
1.325472956523299217e-03,9.986745119094848633e-01
1.835355069488286972e-03,9.981647133827209473e-01
1.496511511504650116e-03,9.985035657882690430e-01
4.799576418008655310e-04,9.995200634002685547e-01
2.846216084435582161e-04,9.997153878211975098e-01
1.063249306753277779e-03,9.989367127418518066e-01
8.751162094995379448e-04,9.991249442100524902e-01
1.426317030563950539e-03,9.985736608505249023e-01
2.416086936136707664e-04,9.997584223747253418e-01
8.942707790993154049e-05,9.999105930328369141e-01
2.347910485696047544e-04,9.997652173042297363e-01
6.372178904712200165e-04,9.993627667427062988e-01
3.839453274849802256e-04,9.996160268783569336e-01
8.840939844958484173e-04,9.991158843040466309e-01
5.016520153731107712e-04,9.994983673095703125e-01
3.746796865016222000e-04,9.996253252029418945e-01
9.800284169614315033e-04,9.990199804306030273e-01
1.454354263842105865e-03,9.985456466674804688e-01
1.234520343132317066e-03,9.987654685974121094e-01
5.095463711768388748e-04,9.994903802871704102e-01
3.285238053649663925e-04,9.996714591979980469e-01
3.231957671232521534e-04,9.996768236160278320e-01
2.350199501961469650e-04,9.997649788856506348e-01
8.925683796405792236e-04,9.991074204444885254e-01
1.155768753960728645e-03,9.988441467285156250e-01
9.363404242321848869e-04,9.990636706352233887e-01
1.461130683310329914e-03,9.985388517379760742e-01
1.557145384140312672e-03,9.984428286552429199e-01
6.478886352851986885e-04,9.993521571159362793e-01
6.328285671770572662e-04,9.993671774864196777e-01
3.104260831605643034e-04,9.996895790100097656e-01
3.142599598504602909e-04,9.996857643127441406e-01
1.013529021292924881e-03,9.989864230155944824e-01
8.233943372033536434e-04,9.991765618324279785e-01
3.249540459364652634e-04,9.996750354766845703e-01
9.195164893753826618e-04,9.990804195404052734e-01
8.646362111903727055e-04,9.991354346275329590e-01
9.864630410447716713e-04,9.990135431289672852e-01
4.221700655762106180e-04,9.995778203010559082e-01
1.190376569866202772e-04,9.998809099197387695e-01
4.441747732926160097e-04,9.995557665824890137e-01
9.864630410447716713e-04,9.990135431289672852e-01
1.339484588243067265e-03,9.986605644226074219e-01
1.051370985805988312e-03,9.989486336708068848e-01
1.875495538115501404e-03,9.981245398521423340e-01
9.457600535824894905e-04,9.990542531013488770e-01
1.067055156454443932e-03,9.989328980445861816e-01
3.508081135805696249e-04,9.996491670608520508e-01
4.759901785291731358e-04,9.995239973068237305e-01
8.840939844958484173e-04,9.991158843040466309e-01
3.872586239594966173e-04,9.996127486228942871e-01
4.323449393268674612e-04,9.995676875114440918e-01
4.028612456750124693e-04,9.995971322059631348e-01
5.242384504526853561e-04,9.994757771492004395e-01
1.219326863065361977e-03,9.987806677818298340e-01
1.495940843597054482e-03,9.985040426254272461e-01
6.662611267529428005e-04,9.993336796760559082e-01
1.228090841323137283e-03,9.987718462944030762e-01
6.643522647209465504e-04,9.993355870246887207e-01
1.063249306753277779e-03,9.989367127418518066e-01
3.128188836853951216e-04,9.996871948242187500e-01
1.445538830012083054e-03,9.985544085502624512e-01
1.556957955472171307e-03,9.984430670738220215e-01
6.230545113794505596e-04,9.993769526481628418e-01
5.354264867492020130e-04,9.994645714759826660e-01
7.722313166595995426e-04,9.992277622222900391e-01
4.048979608342051506e-04,9.995951056480407715e-01
3.041182644665241241e-04,9.996958971023559570e-01
3.384385490790009499e-04,9.996615648269653320e-01
5.716209416277706623e-04,9.994283318519592285e-01
1.358515582978725433e-03,9.986414313316345215e-01
8.612464298494160175e-04,9.991387128829956055e-01
1.599312876351177692e-03,9.984007477760314941e-01
3.313708584755659103e-04,9.996685981750488281e-01
6.773995119147002697e-04,9.993226528167724609e-01
1.394646242260932922e-03,9.986054301261901855e-01
9.804677683860063553e-04,9.990195035934448242e-01
9.177161846309900284e-04,9.990823268890380859e-01
3.219284699298441410e-04,9.996781349182128906e-01
4.697850090451538563e-04,9.995301961898803711e-01
1.477928250096738338e-03,9.985221028327941895e-01
1.063249306753277779e-03,9.989367127418518066e-01
9.666194091551005840e-04,9.990334510803222656e-01
1.389239478157833219e-04,9.998610019683837891e-01
6.271462189033627510e-04,9.993728995323181152e-01
1.593810506165027618e-03,9.984062314033508301e-01
1.469044247642159462e-03,9.985309839248657227e-01
5.061568226665258408e-04,9.994938373565673828e-01
5.947950994595885277e-04,9.994052648544311523e-01
9.302185499109327793e-04,9.990697503089904785e-01
1.593810506165027618e-03,9.984062314033508301e-01
1.363374176435172558e-03,9.986366629600524902e-01
1.106821699067950249e-03,9.988932013511657715e-01
1.129554351791739464e-03,9.988704323768615723e-01
7.580840028822422028e-04,9.992419481277465820e-01
4.781393508892506361e-04,9.995218515396118164e-01
1.521224621683359146e-03,9.984788298606872559e-01
1.811828260542824864e-04,9.998188614845275879e-01
1.593810506165027618e-03,9.984062314033508301e-01
1.826161169447004795e-03,9.981738328933715820e-01
5.501256091520190239e-04,9.994499087333679199e-01
1.593810506165027618e-03,9.984062314033508301e-01
4.412402922753244638e-04,9.995587468147277832e-01
5.711545236408710480e-04,9.994288086891174316e-01
4.210663901176303625e-04,9.995788931846618652e-01
1.268613967113196850e-03,9.987314343452453613e-01
1.305640209466218948e-03,9.986943602561950684e-01
4.011176060885190964e-04,9.995989203453063965e-01
8.705005166120827198e-04,9.991294741630554199e-01
7.095406181178987026e-04,9.992904663085937500e-01
6.799171096645295620e-04,9.993201494216918945e-01
1.461130683310329914e-03,9.985388517379760742e-01
2.045376459136605263e-03,9.979546070098876953e-01
2.260797889903187752e-03,9.977391958236694336e-01
9.393288637511432171e-04,9.990606904029846191e-01
3.864579775836318731e-04,9.996135830879211426e-01
4.022717475891113281e-04,9.995977282524108887e-01
1.170948380604386330e-03,9.988290667533874512e-01
1.988777425140142441e-03,9.980112314224243164e-01
4.516504704952239990e-04,9.995483756065368652e-01
6.106671062298119068e-04,9.993892908096313477e-01
3.001495497301220894e-04,9.996998310089111328e-01
1.995872939005494118e-03,9.980041384696960449e-01
1.162846805527806282e-03,9.988371729850769043e-01
8.024643757380545139e-04,9.991975426673889160e-01
1.555424183607101440e-03,9.984446167945861816e-01
4.988593864254653454e-04,9.995011091232299805e-01
1.322352909483015537e-03,9.986776709556579590e-01
9.456244297325611115e-04,9.990543723106384277e-01
1.073965919204056263e-03,9.989259839057922363e-01
7.262217113748192787e-04,9.992738366127014160e-01
1.275917893508449197e-04,9.998724460601806641e-01
7.414221181534230709e-04,9.992585778236389160e-01
7.414221181534230709e-04,9.992585778236389160e-01
2.034812234342098236e-03,9.979652166366577148e-01
1.593810506165027618e-03,9.984062314033508301e-01
4.385684733279049397e-04,9.995613694190979004e-01
1.213298994116485119e-03,9.987867474555969238e-01
1.904218806885182858e-03,9.980958104133605957e-01
1.729525625705718994e-03,9.982705116271972656e-01
1.645113457925617695e-03,9.983548521995544434e-01
4.339010920375585556e-04,9.995661377906799316e-01
5.208661314100027084e-04,9.994791150093078613e-01
9.587123640812933445e-04,9.990412592887878418e-01
7.611411856487393379e-04,9.992388486862182617e-01
1.621182425878942013e-03,9.983787536621093750e-01
6.945219938643276691e-04,9.993054866790771484e-01
5.647533689625561237e-04,9.994352459907531738e-01
7.041482604108750820e-04,9.992958307266235352e-01
6.842600414529442787e-04,9.993157386779785156e-01
1.593810506165027618e-03,9.984062314033508301e-01
6.817380781285464764e-04,9.993182420730590820e-01
2.223049290478229523e-03,9.977769255638122559e-01
1.305681886151432991e-03,9.986943602561950684e-01
5.597557756118476391e-04,9.994402527809143066e-01
1.373350736685097218e-03,9.986267089843750000e-01
7.277590921148657799e-04,9.992722868919372559e-01
1.363374176435172558e-03,9.986366629600524902e-01
2.260797889903187752e-03,9.977391958236694336e-01
8.413276518695056438e-04,9.991586208343505859e-01
1.379097811877727509e-03,9.986208677291870117e-01
4.536540363915264606e-04,9.995463490486145020e-01
1.363374176435172558e-03,9.986366629600524902e-01
1.748037175275385380e-03,9.982519745826721191e-01
1.376969739794731140e-03,9.986230134963989258e-01
5.489593604579567909e-04,9.994509816169738770e-01
1.878239272627979517e-04,9.998121857643127441e-01
1.579700969159603119e-03,9.984203577041625977e-01
1.176145160570740700e-03,9.988238215446472168e-01
5.482273409143090248e-04,9.994518160820007324e-01
1.503973850049078465e-03,9.984960556030273438e-01
7.219985127449035645e-04,9.992780089378356934e-01
1.621182425878942013e-03,9.983787536621093750e-01
2.611129777505993843e-03,9.973888993263244629e-01
2.260797889903187752e-03,9.977391958236694336e-01
7.414189749397337437e-04,9.992585778236389160e-01
6.960395839996635914e-04,9.993039369583129883e-01
1.677812775596976280e-03,9.983221888542175293e-01
4.831029509659856558e-04,9.995168447494506836e-01
2.614160068333148956e-03,9.973857998847961426e-01
1.679080538451671600e-03,9.983208775520324707e-01
8.635473786853253841e-04,9.991365075111389160e-01
9.495156118646264076e-04,9.990504384040832520e-01
1.061448943801224232e-03,9.989385008811950684e-01
1.170664909295737743e-03,9.988293051719665527e-01
5.012041074223816395e-04,9.994987249374389648e-01
1.806965679861605167e-03,9.981930851936340332e-01
1.717184088192880154e-03,9.982827901840209961e-01
6.799171096645295620e-04,9.993201494216918945e-01
1.066966215148568153e-03,9.989330172538757324e-01
7.904627127572894096e-04,9.992095232009887695e-01
8.096012752503156662e-04,9.991903901100158691e-01
1.079675857909023762e-03,9.989203214645385742e-01
1.379097811877727509e-03,9.986208677291870117e-01
1.541016972623765469e-03,9.984589815139770508e-01
2.616429701447486877e-04,9.997383952140808105e-01
4.541011876426637173e-04,9.995458722114562988e-01
9.195322054438292980e-04,9.990804195404052734e-01
5.482273409143090248e-04,9.994518160820007324e-01
8.298473549075424671e-04,9.991701841354370117e-01
5.859832745045423508e-04,9.994140863418579102e-01
1.593810506165027618e-03,9.984062314033508301e-01
9.593217982910573483e-04,9.990406632423400879e-01
7.591188186779618263e-04,9.992408752441406250e-01
7.573283510282635689e-04,9.992426633834838867e-01
9.870129870250821114e-04,9.990129470825195312e-01
7.621606346219778061e-04,9.992378950119018555e-01
1.593173248693346977e-03,9.984068274497985840e-01
9.841660503298044205e-04,9.990158081054687500e-01
5.208100774325430393e-04,9.994792342185974121e-01
1.019642688333988190e-03,9.989803433418273926e-01
2.658008888829499483e-04,9.997342228889465332e-01
1.719262654660269618e-04,9.998281002044677734e-01
1.581373508088290691e-03,9.984185695648193359e-01
1.847572857514023781e-03,9.981524348258972168e-01
2.922397805377840996e-03,9.970775842666625977e-01
8.161857840605080128e-04,9.991838335990905762e-01
1.621182425878942013e-03,9.983787536621093750e-01
4.307814233470708132e-04,9.995692372322082520e-01
1.442933222278952599e-03,9.985570311546325684e-01
1.221026759594678879e-03,9.987789988517761230e-01
7.904627127572894096e-04,9.992095232009887695e-01
5.208661314100027084e-04,9.994791150093078613e-01
1.129666226916015148e-03,9.988703131675720215e-01
1.497709657996892929e-03,9.985022544860839844e-01
5.905367434024810791e-04,9.994094371795654297e-01
1.721264678053557873e-03,9.982787370681762695e-01
1.053794170729815960e-03,9.989462494850158691e-01
6.381964194588363171e-04,9.993618130683898926e-01
5.233008414506912231e-04,9.994767308235168457e-01
6.945219938643276691e-04,9.993054866790771484e-01
1.847572857514023781e-03,9.981524348258972168e-01
9.808827890083193779e-04,9.990191459655761719e-01
7.070692954584956169e-04,9.992928504943847656e-01
1.313285320065915585e-03,9.986867308616638184e-01
1.112111029215157032e-03,9.988879561424255371e-01
1.729525625705718994e-03,9.982705116271972656e-01
1.321516232565045357e-03,9.986785054206848145e-01
5.208100774325430393e-04,9.994792342185974121e-01
3.093695559073239565e-04,9.996906518936157227e-01
1.195198507048189640e-03,9.988048076629638672e-01
1.272463472560048103e-03,9.987275004386901855e-01
1.272463472560048103e-03,9.987275004386901855e-01
8.822511299513280392e-04,9.991177916526794434e-01
5.979915731586515903e-04,9.994020462036132812e-01
1.640141010284423828e-03,9.983598589897155762e-01
6.841293070465326309e-04,9.993158578872680664e-01
1.075065345503389835e-03,9.989249110221862793e-01
6.665342370979487896e-04,9.993334412574768066e-01
1.671901671215891838e-03,9.983281493186950684e-01
3.017421346157789230e-03,9.969825148582458496e-01
2.010523108765482903e-03,9.979895353317260742e-01
5.960474954918026924e-04,9.994039535522460938e-01
4.889595438726246357e-04,9.995110034942626953e-01
2.567199990153312683e-03,9.974327683448791504e-01
1.305681886151432991e-03,9.986943602561950684e-01
8.093073847703635693e-04,9.991907477378845215e-01
1.051030470989644527e-03,9.989489912986755371e-01
9.049916989170014858e-04,9.990950822830200195e-01
5.470478790812194347e-04,9.994530081748962402e-01
6.111093680374324322e-04,9.993889331817626953e-01
1.806965679861605167e-03,9.981930851936340332e-01
2.642408653628081083e-04,9.997357726097106934e-01
3.113792976364493370e-03,9.968861937522888184e-01
1.691940124146640301e-03,9.983080625534057617e-01
1.847572857514023781e-03,9.981524348258972168e-01
1.497709657996892929e-03,9.985022544860839844e-01
8.914574864320456982e-04,9.991084933280944824e-01
1.621182425878942013e-03,9.983787536621093750e-01
2.682764781638979912e-03,9.973172545433044434e-01
2.922397805377840996e-03,9.970775842666625977e-01
1.061720657162368298e-03,9.989382624626159668e-01
8.637856226414442062e-04,9.991362690925598145e-01
2.017262595472857356e-04,9.997982382774353027e-01
1.621182425878942013e-03,9.983787536621093750e-01
2.108706394210457802e-03,9.978913664817810059e-01
5.233008414506912231e-04,9.994767308235168457e-01
2.076193224638700485e-03,9.979237318038940430e-01
1.053794170729815960e-03,9.989462494850158691e-01
6.022197194397449493e-04,9.993977546691894531e-01
5.208100774325430393e-04,9.994792342185974121e-01
7.573283510282635689e-04,9.992426633834838867e-01
9.395450470037758350e-04,9.990604519844055176e-01
5.083045107312500477e-04,9.994916915893554688e-01
7.083844975568354130e-04,9.992915391921997070e-01
8.620575536042451859e-04,9.991378784179687500e-01
1.415375852957367897e-03,9.985846281051635742e-01
1.275973860174417496e-03,9.987240433692932129e-01
9.863788727670907974e-04,9.990135431289672852e-01
1.051030470989644527e-03,9.989489912986755371e-01
1.603452605195343494e-03,9.983965754508972168e-01
9.557605953887104988e-04,9.990442395210266113e-01
1.232598675414919853e-03,9.987673759460449219e-01
5.979915731586515903e-04,9.994020462036132812e-01
